:	Dot		-	-	-	-	-	-	-	-	-	-	-	-	-	-	-	-	-	
Black	Dot	0	Ideal	c2	Atrasar/10	Atrasar/20	Atrasar/30	c5	Voltar/10	Voltar/20	Voltar/30	c9	Desviar/10	Desviar/20	Desviar/30	c17	Todos/10	Todos/20	Todos/30	
Black	Dot	1	50		73.0	74.0	73.0		73.0	73.0	73.0		80.0	73.0	120.0		73.0	73.0	73.0	
Black	Dot	2	50		73.0	73.0	74.0		123.0	73.0	173.0		73.0	73.0	79.0		74.0	73.0	123.0	
Black	Dot	3	50		73.0	74.0	74.0		73.0	73.0	73.0		73.0	73.0	73.0		73.0	73.0	130.0	
Black	Dot	4	50		73.0	73.0	74.0		73.0	173.0	73.0		121.0	86.0	73.0		73.0	73.0	73.0	
Black	Dot	5	50		73.0	73.0	74.0		123.0	73.0	223.0		73.0	73.0	120.0		73.0	123.0	173.0	
Black	Dot	6	50		74.0	73.0	76.0		73.0	73.0	73.0		73.0	73.0	128.0		73.0	73.0	73.0	
Black	Dot	7	50		73.0	73.0	74.0		73.0	73.0	73.0		73.0	73.0	73.0		73.0	73.0	73.0	
Black	Dot	8	50		73.0	75.0	75.0		123.0	73.0	123.0		72.0	73.0	73.0		73.0	73.0	73.0	
Black	Dot	9	50		73.0	73.0	73.0		73.0	73.0	73.0		73.0	73.0	72.0		73.0	80.0	74.0	
Black	Dot	10	50		73.0	73.0	73.0		73.0	73.0	73.0		72.0	73.0	79.0		73.0	73.0	72.0	
Black	Dot	11	50		73.0	75.0	73.0		73.0	73.0	123.0		73.0	73.0	73.0		123.0	74.0	73.0	
Black	Dot	12	50		73.0	74.0	73.0		73.0	73.0	73.0		80.0	73.0	113.0		73.0	73.0	75.0	
Black	Dot	13	50		74.0	76.0	74.0		73.0	73.0	73.0		72.0	73.0	73.0		73.0	73.0	73.0	
Black	Dot	14	50		73.0	73.0	73.0		73.0	73.0	73.0		73.0	72.0	73.0		73.0	73.0	85.0	
Black	Dot	15	50		73.0	74.0	76.0		73.0	73.0	123.0		73.0	73.0	73.0		73.0	73.0	73.0	
Black	Dot	16	50		73.0	74.0	74.0		73.0	73.0	73.0		73.0	73.0	73.0		73.0	124.0	73.0	
Black	Dot	17	50		73.0	74.0	74.0		73.0	73.0	123.0		73.0	73.0	73.0		73.0	73.0	73.0	
Black	Dot	18	50		73.0	73.0	74.0		73.0	73.0	123.0		72.0	73.0	73.0		74.0	73.0	73.0	
Black	Dot	19	50		73.0	73.0	73.0		73.0	73.0	73.0		73.0	73.0	73.0		73.0	73.0	80.0	
Black	Dot	20	50		73.0	74.0	73.0		123.0	73.0	273.0		72.0	73.0	73.0		72.0	74.0	73.0	
Black	Dot	21	50		73.0	74.0	73.0		73.0	73.0	73.0		73.0	73.0	128.0		73.0	73.0	124.0	
Black	Dot	22	50		73.0	73.0	73.0		123.0	73.0	173.0		73.0	73.0	121.0		73.0	123.0	73.0	
Black	Dot	23	50		74.0	73.0	73.0		73.0	73.0	73.0		73.0	73.0	73.0		73.0	72.0	74.0	
Black	Dot	24	50		73.0	74.0	74.0		73.0	73.0	73.0		73.0	72.0	121.0		72.0	73.0	123.0	
Black	Dot	25	50		74.0	73.0	77.0		73.0	73.0	73.0		80.0	73.0	73.0		73.0	73.0	74.0	
Black	Dot	26	50		73.0	74.0	74.0		73.0	73.0	73.0		73.0	72.0	113.0		73.0	125.0	73.0	
Black	Dot	27	50		75.0	73.0	74.0		73.0	73.0	123.0		73.0	73.0	112.0		73.0	80.0	73.0	
Black	Dot	28	50		74.0	73.0	74.0		73.0	73.0	173.0		73.0	73.0	73.0		75.0	73.0	130.0	
Black	Dot	29	50		73.0	74.0	73.0		73.0	123.0	123.0		73.0	72.0	72.0		73.0	73.0	73.0	
Black	Dot	30	50		73.0	73.0	75.0		73.0	73.0	173.0		73.0	86.0	73.0		73.0	73.0	72.0	
Black	Dot	31	50		73.0	73.0	74.0		73.0	73.0	73.0		80.0	73.0	72.0		73.0	73.0	82.0	
Black	Dot	32	50		74.0	73.0	74.0		73.0	123.0	73.0		73.0	87.0	73.0		80.0	75.0	73.0	
Black	Dot	33	50		74.0	74.0	73.0		173.0	73.0	73.0		73.0	72.0	72.0		73.0	123.0	73.0	
Black	Dot	34	50		73.0	74.0	76.0		73.0	73.0	73.0		73.0	73.0	80.0		73.0	74.0	88.0	
Black	Dot	35	50		73.0	73.0	74.0		73.0	73.0	123.0		73.0	72.0	72.0		80.0	73.0	73.0	
Black	Dot	36	50		73.0	73.0	73.0		73.0	73.0	73.0		73.0	73.0	73.0		73.0	73.0	81.0	
Black	Dot	37	50		74.0	73.0	75.0		73.0	123.0	123.0		73.0	73.0	73.0		73.0	73.0	73.0	
Black	Dot	38	50		73.0	76.0	76.0		73.0	73.0	73.0		73.0	73.0	73.0		73.0	123.0	72.0	
Black	Dot	39	50		73.0	73.0	73.0		73.0	73.0	73.0		113.0	73.0	127.0		73.0	74.0	73.0	
Black	Dot	40	50		73.0	74.0	73.0		73.0	73.0	73.0		80.0	73.0	101.0		73.0	75.0	74.0	
Black	Dot	41	50		73.0	74.0	73.0		73.0	123.0	123.0		73.0	73.0	113.0		73.0	81.0	73.0	
Black	Dot	42	50		73.0	73.0	75.0		73.0	73.0	173.0		73.0	73.0	80.0		73.0	73.0	73.0	
Black	Dot	43	50		73.0	73.0	73.0		73.0	73.0	73.0		73.0	87.0	73.0		73.0	73.0	80.0	
Black	Dot	44	50		74.0	74.0	74.0		73.0	73.0	73.0		73.0	80.0	73.0		73.0	73.0	73.0	
Black	Dot	45	50		74.0	73.0	74.0		73.0	73.0	73.0		80.0	87.0	72.0		73.0	74.0	72.0	
Black	Dot	46	50		73.0	74.0	73.0		73.0	73.0	73.0		73.0	73.0	73.0		80.0	79.0	74.0	
Black	Dot	47	50		74.0	73.0	73.0		73.0	73.0	173.0		73.0	73.0	73.0		73.0	73.0	80.0	
Black	Dot	48	50		73.0	74.0	73.0		73.0	73.0	173.0		73.0	73.0	73.0		73.0	80.0	74.0	
Black	Dot	49	50		74.0	74.0	74.0		73.0	73.0	123.0		73.0	72.0	72.0		73.0	72.0	73.0	
Black	Dot	50	50		73.0	74.0	74.0		73.0	73.0	73.0		73.0	80.0	73.0		124.0	73.0	73.0	
Black	Dot	51	50		73.0	73.0	73.0		73.0	73.0	73.0		73.0	73.0	79.0		73.0	73.0	123.0	
Black	Dot	52	50		73.0	74.0	75.0		123.0	73.0	73.0		73.0	73.0	134.0		73.0	73.0	74.0	
Black	Dot	53	50		73.0	73.0	73.0		123.0	73.0	73.0		73.0	73.0	73.0		73.0	72.0	74.0	
Black	Dot	54	50		73.0	73.0	73.0		73.0	73.0	123.0		72.0	73.0	73.0		73.0	73.0	73.0	
Black	Dot	55	50		74.0	73.0	73.0		73.0	73.0	73.0		73.0	120.0	168.0		73.0	73.0	80.0	
Black	Dot	56	50		74.0	74.0	73.0		73.0	73.0	73.0		73.0	73.0	73.0		73.0	73.0	73.0	
Black	Dot	57	50		73.0	74.0	73.0		73.0	73.0	73.0		73.0	73.0	73.0		73.0	73.0	74.0	
Black	Dot	58	50		73.0	74.0	74.0		73.0	73.0	73.0		73.0	73.0	72.0		73.0	130.0	74.0	
Black	Dot	59	50		74.0	73.0	73.0		73.0	73.0	73.0		73.0	73.0	72.0		73.0	73.0	85.0	
Black	Dot	60	50		73.0	73.0	73.0		73.0	123.0	123.0		73.0	79.0	80.0		73.0	73.0	73.0	
Black	Dot	61	50		73.0	73.0	75.0		73.0	73.0	73.0		73.0	73.0	72.0		73.0	73.0	73.0	
Black	Dot	62	50		73.0	73.0	73.0		73.0	123.0	73.0		73.0	72.0	72.0		74.0	73.0	73.0	
Black	Dot	63	50		73.0	74.0	75.0		73.0	73.0	173.0		72.0	73.0	73.0		73.0	73.0	74.0	
Black	Dot	64	50		75.0	75.0	73.0		123.0	173.0	73.0		73.0	73.0	94.0		73.0	73.0	75.0	
Black	Dot	65	50		74.0	74.0	73.0		73.0	73.0	273.0		80.0	73.0	112.0		73.0	74.0	74.0	
Black	Dot	66	50		73.0	73.0	73.0		73.0	73.0	73.0		73.0	80.0	73.0		73.0	73.0	73.0	
Black	Dot	67	50		73.0	74.0	74.0		73.0	73.0	123.0		73.0	73.0	72.0		123.0	123.0	73.0	
Black	Dot	68	50		74.0	73.0	73.0		73.0	73.0	73.0		73.0	126.0	73.0		73.0	73.0	74.0	
Black	Dot	69	50		73.0	75.0	75.0		73.0	73.0	73.0		73.0	112.0	128.0		73.0	74.0	73.0	
Black	Dot	70	50		73.0	74.0	74.0		73.0	73.0	73.0		73.0	79.0	73.0		73.0	73.0	73.0	
Black	Dot	71	50		73.0	73.0	74.0		73.0	73.0	223.0		73.0	73.0	72.0		73.0	72.0	129.0	
Black	Dot	72	50		73.0	79.0	75.0		73.0	123.0	73.0		73.0	73.0	73.0		73.0	73.0	73.0	
Black	Dot	73	50		73.0	73.0	73.0		73.0	73.0	73.0		73.0	121.0	80.0		73.0	72.0	73.0	
Black	Dot	74	50		73.0	73.0	73.0		73.0	73.0	73.0		73.0	73.0	73.0		82.0	81.0	73.0	
Black	Dot	75	50		75.0	73.0	73.0		73.0	73.0	123.0		73.0	80.0	73.0		73.0	73.0	73.0	
Black	Dot	76	50		73.0	74.0	75.0		73.0	73.0	123.0		73.0	73.0	141.0		73.0	73.0	73.0	
Black	Dot	77	50		73.0	73.0	73.0		123.0	123.0	73.0		73.0	112.0	73.0		73.0	75.0	73.0	
Black	Dot	78	50		73.0	73.0	74.0		73.0	73.0	123.0		72.0	73.0	113.0		73.0	73.0	74.0	
Black	Dot	79	50		73.0	74.0	73.0		73.0	123.0	173.0		73.0	73.0	72.0		73.0	73.0	172.0	
Black	Dot	80	50		73.0	73.0	73.0		123.0	73.0	123.0		73.0	73.0	73.0		73.0	72.0	73.0	
Black	Dot	81	50		73.0	73.0	73.0		73.0	123.0	123.0		73.0	80.0	79.0		73.0	73.0	73.0	
Black	Dot	82	50		76.0	75.0	73.0		73.0	73.0	73.0		73.0	73.0	127.0		123.0	73.0	73.0	
Black	Dot	83	50		73.0	73.0	73.0		73.0	173.0	73.0		73.0	113.0	73.0		73.0	123.0	80.0	
Black	Dot	84	50		73.0	73.0	74.0		73.0	123.0	73.0		128.0	72.0	73.0		73.0	73.0	113.0	
Black	Dot	85	50		73.0	73.0	73.0		73.0	73.0	73.0		73.0	112.0	120.0		73.0	73.0	79.0	
Black	Dot	86	50		73.0	73.0	73.0		73.0	73.0	73.0		73.0	73.0	73.0		73.0	73.0	73.0	
Black	Dot	87	50		73.0	73.0	73.0		73.0	73.0	73.0		80.0	72.0	73.0		73.0	74.0	75.0	
Black	Dot	88	50		73.0	74.0	76.0		73.0	73.0	123.0		73.0	73.0	73.0		73.0	73.0	75.0	
Black	Dot	89	50		73.0	73.0	74.0		73.0	73.0	73.0		73.0	113.0	73.0		73.0	73.0	81.0	
Black	Dot	90	50		73.0	73.0	73.0		73.0	73.0	73.0		73.0	73.0	72.0		73.0	73.0	73.0	
Black	Dot	91	50		73.0	73.0	73.0		73.0	73.0	73.0		73.0	72.0	80.0		73.0	80.0	74.0	
Black	Dot	92	50		73.0	73.0	73.0		73.0	73.0	73.0		73.0	73.0	73.0		73.0	73.0	73.0	
Black	Dot	93	50		73.0	73.0	74.0		73.0	73.0	123.0		72.0	121.0	72.0		73.0	73.0	73.0	
Black	Dot	94	50		73.0	73.0	73.0		73.0	73.0	73.0		73.0	73.0	193.0		73.0	73.0	122.0	
Black	Dot	95	50		73.0	73.0	73.0		123.0	123.0	173.0		72.0	73.0	73.0		80.0	80.0	74.0	
Black	Dot	96	50		73.0	73.0	73.0		123.0	123.0	73.0		80.0	113.0	113.0		73.0	73.0	74.0	
Black	Dot	97	50		73.0	73.0	73.0		73.0	73.0	123.0		73.0	73.0	73.0		73.0	73.0	73.0	
Black	Dot	98	50		73.0	73.0	75.0		73.0	73.0	73.0		73.0	73.0	73.0		73.0	73.0	73.0	
Black	Dot	99	50		73.0	74.0	73.0		73.0	73.0	73.0		73.0	73.0	73.0		73.0	74.0	73.0	
Black	Dot	100	50		73.0	73.0	76.0		73.0	123.0	73.0		73.0	73.0	160.0		73.0	73.0	73.0	
Black	Dot	101	50		73.0	73.0	73.0		73.0	73.0	123.0		73.0	72.0	80.0		73.0	73.0	73.0	
Black	Dot	102	50		74.0	73.0	73.0		73.0	73.0	73.0		73.0	73.0	72.0		74.0	80.0	125.0	
Black	Dot	103	50		73.0	75.0	74.0		73.0	73.0	123.0		73.0	73.0	73.0		73.0	73.0	134.0	
Black	Dot	104	50		73.0	74.0	73.0		73.0	73.0	123.0		73.0	73.0	72.0		75.0	73.0	74.0	
Black	Dot	105	50		74.0	73.0	76.0		73.0	73.0	123.0		72.0	72.0	79.0		73.0	73.0	173.0	
Black	Dot	106	50		74.0	74.0	73.0		73.0	73.0	73.0		73.0	87.0	80.0		73.0	79.0	73.0	
Black	Dot	107	50		73.0	73.0	75.0		73.0	73.0	73.0		73.0	73.0	73.0		73.0	81.0	79.0	
Black	Dot	108	50		74.0	73.0	74.0		73.0	73.0	173.0		73.0	73.0	73.0		73.0	80.0	73.0	
Black	Dot	109	50		74.0	73.0	75.0		73.0	73.0	73.0		128.0	73.0	80.0		73.0	73.0	73.0	
Black	Dot	110	50		74.0	73.0	74.0		73.0	73.0	173.0		73.0	73.0	80.0		73.0	73.0	73.0	
Black	Dot	111	50		73.0	76.0	73.0		73.0	73.0	123.0		73.0	73.0	113.0		73.0	73.0	73.0	
Black	Dot	112	50		73.0	73.0	75.0		73.0	73.0	123.0		73.0	112.0	73.0		74.0	73.0	73.0	
Black	Dot	113	50		73.0	74.0	73.0		73.0	73.0	73.0		73.0	73.0	73.0		73.0	73.0	73.0	
Black	Dot	114	50		73.0	73.0	74.0		73.0	73.0	73.0		72.0	73.0	72.0		73.0	73.0	73.0	
Black	Dot	115	50		73.0	73.0	74.0		73.0	73.0	73.0		73.0	73.0	73.0		73.0	73.0	73.0	
Black	Dot	116	50		73.0	73.0	73.0		73.0	73.0	123.0		73.0	73.0	73.0		74.0	73.0	73.0	
Black	Dot	117	50		73.0	73.0	74.0		73.0	73.0	73.0		73.0	73.0	73.0		73.0	73.0	73.0	
Black	Dot	118	50		73.0	74.0	74.0		73.0	73.0	73.0		73.0	121.0	73.0		73.0	73.0	80.0	
Black	Dot	119	50		74.0	73.0	75.0		73.0	73.0	73.0		73.0	72.0	73.0		73.0	72.0	129.0	
Black	Dot	120	50		73.0	73.0	73.0		73.0	73.0	73.0		73.0	73.0	73.0		73.0	94.0	74.0	
Black	Dot	121	50		73.0	74.0	73.0		123.0	73.0	73.0		72.0	73.0	80.0		73.0	73.0	123.0	
Black	Dot	122	50		73.0	73.0	73.0		73.0	73.0	73.0		73.0	73.0	73.0		73.0	73.0	73.0	
Black	Dot	123	50		73.0	76.0	73.0		73.0	73.0	123.0		73.0	73.0	72.0		74.0	73.0	74.0	
Black	Dot	124	50		73.0	73.0	73.0		73.0	73.0	173.0		73.0	73.0	73.0		73.0	73.0	77.0	
Black	Dot	125	50		73.0	73.0	73.0		73.0	73.0	73.0		73.0	73.0	73.0		73.0	132.0	73.0	
Black	Dot	126	50		73.0	74.0	73.0		73.0	73.0	73.0		72.0	73.0	73.0		80.0	73.0	80.0	
Black	Dot	127	50		73.0	73.0	73.0		73.0	73.0	73.0		73.0	128.0	72.0		73.0	73.0	73.0	
Black	Dot	128	50		73.0	74.0	73.0		73.0	73.0	223.0		73.0	72.0	73.0		73.0	73.0	73.0	
Black	Dot	129	50		74.0	74.0	75.0		73.0	73.0	73.0		73.0	121.0	73.0		73.0	73.0	72.0	
Black	Dot	130	50		73.0	73.0	75.0		73.0	73.0	173.0		73.0	73.0	80.0		73.0	74.0	80.0	
Black	Dot	131	50		73.0	73.0	73.0		73.0	73.0	73.0		73.0	73.0	80.0		73.0	74.0	73.0	
Black	Dot	132	50		73.0	74.0	75.0		73.0	123.0	73.0		73.0	72.0	72.0		74.0	73.0	80.0	
Black	Dot	133	50		73.0	75.0	74.0		73.0	123.0	73.0		73.0	72.0	73.0		73.0	73.0	73.0	
Black	Dot	134	50		75.0	73.0	74.0		73.0	73.0	73.0		80.0	73.0	121.0		73.0	73.0	73.0	
Black	Dot	135	50		73.0	73.0	73.0		73.0	123.0	273.0		72.0	73.0	72.0		73.0	73.0	73.0	
Black	Dot	136	50		73.0	74.0	74.0		123.0	73.0	123.0		73.0	73.0	72.0		73.0	73.0	73.0	
Black	Dot	137	50		73.0	74.0	74.0		73.0	73.0	73.0		73.0	79.0	73.0		73.0	85.0	73.0	
Black	Dot	138	50		73.0	73.0	74.0		123.0	73.0	73.0		73.0	72.0	121.0		73.0	72.0	73.0	
Black	Dot	139	50		73.0	74.0	73.0		73.0	73.0	123.0		73.0	73.0	73.0		73.0	72.0	73.0	
Black	Dot	140	50		73.0	73.0	74.0		73.0	73.0	123.0		73.0	73.0	79.0		73.0	72.0	125.0	
Black	Dot	141	50		73.0	78.0	74.0		73.0	123.0	123.0		73.0	73.0	80.0		73.0	73.0	73.0	
Black	Dot	142	50		73.0	75.0	74.0		73.0	73.0	73.0		73.0	113.0	72.0		123.0	73.0	73.0	
Black	Dot	143	50		73.0	73.0	75.0		73.0	73.0	173.0		79.0	73.0	73.0		73.0	73.0	73.0	
Black	Dot	144	50		73.0	73.0	73.0		73.0	73.0	73.0		73.0	72.0	73.0		73.0	123.0	73.0	
Black	Dot	145	50		73.0	73.0	74.0		123.0	73.0	123.0		73.0	73.0	73.0		73.0	73.0	124.0	
Black	Dot	146	50		73.0	73.0	73.0		123.0	73.0	123.0		73.0	73.0	73.0		73.0	73.0	73.0	
Black	Dot	147	50		73.0	73.0	73.0		73.0	73.0	73.0		73.0	73.0	73.0		73.0	73.0	73.0	
Black	Dot	148	50		73.0	73.0	73.0		73.0	123.0	73.0		73.0	73.0	73.0		72.0	73.0	73.0	
Black	Dot	149	50		73.0	73.0	74.0		73.0	73.0	73.0		80.0	80.0	73.0		73.0	72.0	73.0	
Black	Dot	150	50		73.0	74.0	80.0		73.0	73.0	123.0		73.0	73.0	80.0		73.0	73.0	80.0	
Black	Dot	151	50		73.0	74.0	76.0		73.0	73.0	73.0		73.0	73.0	112.0		73.0	82.0	74.0	
Black	Dot	152	50		73.0	73.0	74.0		73.0	123.0	73.0		73.0	127.0	121.0		73.0	73.0	73.0	
Black	Dot	153	50		73.0	75.0	76.0		73.0	73.0	123.0		73.0	73.0	72.0		73.0	73.0	125.0	
Black	Dot	154	50		73.0	73.0	77.0		73.0	73.0	73.0		73.0	73.0	73.0		123.0	73.0	73.0	
Black	Dot	155	50		73.0	75.0	74.0		73.0	123.0	223.0		73.0	127.0	73.0		72.0	73.0	123.0	
Black	Dot	156	50		73.0	74.0	74.0		73.0	73.0	123.0		73.0	73.0	73.0		73.0	73.0	72.0	
Black	Dot	157	50		73.0	73.0	73.0		73.0	73.0	123.0		73.0	73.0	73.0		73.0	73.0	73.0	
Black	Dot	158	50		73.0	74.0	73.0		73.0	73.0	73.0		73.0	72.0	73.0		73.0	72.0	73.0	
Black	Dot	159	50		73.0	73.0	73.0		73.0	73.0	73.0		73.0	73.0	73.0		72.0	73.0	123.0	
Black	Dot	160	50		73.0	73.0	73.0		73.0	73.0	73.0		73.0	80.0	73.0		72.0	73.0	73.0	
Black	Dot	161	50		74.0	75.0	73.0		73.0	73.0	73.0		73.0	73.0	80.0		73.0	73.0	73.0	
Black	Dot	162	50		74.0	73.0	74.0		73.0	73.0	173.0		73.0	72.0	73.0		73.0	72.0	73.0	
Black	Dot	163	50		73.0	73.0	75.0		73.0	73.0	173.0		73.0	73.0	121.0		73.0	73.0	72.0	
Black	Dot	164	50		73.0	73.0	73.0		73.0	73.0	73.0		73.0	73.0	79.0		74.0	73.0	74.0	
Black	Dot	165	50		74.0	74.0	74.0		73.0	73.0	123.0		80.0	73.0	73.0		73.0	73.0	73.0	
Black	Dot	166	50		73.0	74.0	74.0		73.0	73.0	123.0		73.0	73.0	79.0		73.0	73.0	73.0	
Black	Dot	167	50		73.0	74.0	73.0		123.0	73.0	73.0		73.0	113.0	73.0		73.0	81.0	73.0	
Black	Dot	168	50		73.0	74.0	75.0		73.0	123.0	73.0		73.0	72.0	72.0		73.0	73.0	73.0	
Black	Dot	169	50		73.0	74.0	74.0		73.0	73.0	73.0		73.0	80.0	80.0		73.0	73.0	73.0	
Black	Dot	170	50		74.0	73.0	77.0		73.0	73.0	73.0		73.0	73.0	73.0		80.0	73.0	73.0	
Black	Dot	171	50		73.0	73.0	73.0		73.0	73.0	73.0		73.0	87.0	73.0		73.0	85.0	73.0	
Black	Dot	172	50		73.0	74.0	73.0		73.0	73.0	73.0		73.0	73.0	113.0		73.0	73.0	73.0	
Black	Dot	173	50		74.0	73.0	73.0		73.0	123.0	73.0		73.0	73.0	73.0		73.0	73.0	80.0	
Black	Dot	174	50		74.0	73.0	73.0		73.0	73.0	73.0		73.0	73.0	73.0		73.0	73.0	81.0	
Black	Dot	175	50		74.0	74.0	73.0		73.0	73.0	123.0		73.0	73.0	73.0		73.0	73.0	73.0	
Black	Dot	176	50		74.0	73.0	73.0		73.0	73.0	123.0		73.0	73.0	73.0		74.0	74.0	73.0	
Black	Dot	177	50		73.0	74.0	73.0		73.0	73.0	73.0		73.0	73.0	73.0		73.0	73.0	73.0	
Black	Dot	178	50		73.0	73.0	73.0		73.0	223.0	73.0		73.0	73.0	73.0		73.0	73.0	73.0	
Black	Dot	179	50		73.0	75.0	77.0		73.0	73.0	73.0		73.0	73.0	80.0		73.0	73.0	73.0	
Black	Dot	180	50		73.0	74.0	74.0		73.0	73.0	73.0		73.0	73.0	73.0		80.0	73.0	73.0	
Black	Dot	181	50		74.0	73.0	74.0		73.0	73.0	73.0		73.0	87.0	73.0		73.0	73.0	123.0	
Black	Dot	182	50		73.0	73.0	74.0		73.0	73.0	73.0		73.0	72.0	87.0		73.0	73.0	79.0	
Black	Dot	183	50		73.0	74.0	73.0		123.0	73.0	123.0		73.0	73.0	73.0		73.0	73.0	73.0	
Black	Dot	184	50		73.0	73.0	75.0		73.0	73.0	73.0		80.0	73.0	153.0		73.0	73.0	73.0	
Black	Dot	185	50		74.0	75.0	73.0		73.0	73.0	73.0		73.0	121.0	72.0		73.0	73.0	73.0	
Black	Dot	186	50		73.0	77.0	73.0		73.0	123.0	73.0		73.0	73.0	73.0		73.0	73.0	123.0	
Black	Dot	187	50		73.0	76.0	73.0		73.0	73.0	73.0		73.0	73.0	73.0		73.0	123.0	73.0	
Black	Dot	188	50		74.0	73.0	73.0		73.0	73.0	123.0		73.0	73.0	73.0		73.0	73.0	73.0	
Black	Dot	189	50		74.0	73.0	73.0		73.0	73.0	123.0		73.0	79.0	73.0		73.0	124.0	73.0	
Black	Dot	190	50		73.0	73.0	73.0		73.0	73.0	123.0		72.0	79.0	87.0		73.0	73.0	123.0	
Black	Dot	191	50		73.0	74.0	73.0		123.0	73.0	73.0		113.0	73.0	73.0		123.0	73.0	75.0	
Black	Dot	192	50		74.0	74.0	73.0		73.0	73.0	73.0		73.0	73.0	73.0		73.0	73.0	73.0	
Black	Dot	193	50		74.0	73.0	74.0		73.0	73.0	73.0		73.0	73.0	72.0		73.0	73.0	73.0	
Black	Dot	194	50		73.0	74.0	74.0		73.0	73.0	123.0		73.0	73.0	80.0		73.0	73.0	81.0	
Black	Dot	195	50		74.0	73.0	73.0		73.0	123.0	73.0		73.0	73.0	72.0		81.0	123.0	130.0	
Black	Dot	196	50		74.0	76.0	73.0		73.0	73.0	73.0		73.0	73.0	87.0		124.0	73.0	72.0	
Black	Dot	197	50		74.0	74.0	73.0		73.0	73.0	123.0		73.0	79.0	72.0		73.0	74.0	73.0	
Black	Dot	198	50		73.0	73.0	74.0		73.0	123.0	123.0		73.0	73.0	168.0		123.0	73.0	73.0	
Black	Dot	199	50		73.0	75.0	73.0		73.0	73.0	123.0		72.0	73.0	113.0		73.0	73.0	74.0	
Black	Dot	200	50		74.0	74.0	74.0		73.0	73.0	73.0		73.0	72.0	135.0		73.0	73.0	73.0	
Black	Dot	201	50		73.0	74.0	74.0		73.0	73.0	73.0		73.0	121.0	73.0		73.0	73.0	74.0	
Black	Dot	202	50		73.0	73.0	73.0		123.0	73.0	73.0		80.0	79.0	73.0		73.0	73.0	74.0	
Black	Dot	203	50		73.0	73.0	75.0		73.0	123.0	123.0		80.0	80.0	73.0		73.0	76.0	73.0	
Black	Dot	204	50		73.0	74.0	73.0		73.0	73.0	73.0		134.0	73.0	121.0		73.0	73.0	74.0	
Black	Dot	205	50		74.0	74.0	75.0		73.0	73.0	123.0		73.0	80.0	152.0		73.0	74.0	77.0	
Black	Dot	206	50		73.0	73.0	73.0		73.0	73.0	73.0		73.0	73.0	79.0		73.0	75.0	73.0	
Black	Dot	207	50		73.0	73.0	73.0		73.0	123.0	73.0		73.0	73.0	73.0		73.0	130.0	73.0	
Black	Dot	208	50		74.0	73.0	73.0		73.0	223.0	173.0		73.0	73.0	73.0		73.0	72.0	73.0	
Black	Dot	209	50		74.0	73.0	73.0		73.0	73.0	73.0		73.0	73.0	72.0		73.0	74.0	114.0	
Black	Dot	210	50		73.0	73.0	73.0		73.0	123.0	73.0		80.0	73.0	72.0		73.0	80.0	74.0	
Black	Dot	211	50		73.0	73.0	73.0		73.0	73.0	73.0		72.0	73.0	73.0		73.0	72.0	123.0	
Black	Dot	212	50		73.0	73.0	73.0		73.0	173.0	73.0		73.0	72.0	121.0		73.0	73.0	73.0	
Black	Dot	213	50		73.0	73.0	73.0		73.0	73.0	73.0		73.0	94.0	73.0		73.0	73.0	72.0	
Black	Dot	214	50		73.0	74.0	73.0		73.0	73.0	223.0		80.0	73.0	72.0		73.0	73.0	73.0	
Black	Dot	215	50		76.0	74.0	73.0		73.0	73.0	73.0		73.0	149.0	112.0		73.0	73.0	74.0	
Black	Dot	216	50		73.0	75.0	74.0		73.0	123.0	73.0		73.0	73.0	73.0		80.0	73.0	112.0	
Black	Dot	217	50		73.0	74.0	73.0		73.0	73.0	123.0		73.0	73.0	79.0		73.0	74.0	73.0	
Black	Dot	218	50		73.0	73.0	74.0		73.0	73.0	73.0		72.0	73.0	87.0		73.0	73.0	74.0	
Black	Dot	219	50		73.0	73.0	73.0		73.0	73.0	73.0		73.0	73.0	80.0		73.0	73.0	73.0	
Black	Dot	220	50		73.0	75.0	75.0		123.0	73.0	73.0		79.0	73.0	73.0		73.0	73.0	80.0	
Black	Dot	221	50		73.0	73.0	73.0		73.0	73.0	73.0		73.0	73.0	73.0		73.0	74.0	82.0	
Black	Dot	222	50		73.0	74.0	74.0		73.0	73.0	123.0		73.0	73.0	200.0		73.0	73.0	73.0	
Black	Dot	223	50		73.0	73.0	74.0		73.0	73.0	73.0		73.0	73.0	73.0		72.0	73.0	73.0	
Black	Dot	224	50		73.0	73.0	73.0		73.0	73.0	123.0		73.0	73.0	73.0		73.0	73.0	73.0	
Black	Dot	225	50		73.0	74.0	74.0		73.0	123.0	73.0		73.0	73.0	73.0		73.0	73.0	72.0	
Black	Dot	226	50		73.0	75.0	73.0		73.0	73.0	73.0		73.0	72.0	73.0		73.0	73.0	86.0	
Black	Dot	227	50		73.0	73.0	73.0		73.0	73.0	73.0		73.0	73.0	73.0		73.0	131.0	73.0	
Black	Dot	228	50		73.0	73.0	73.0		73.0	73.0	73.0		73.0	73.0	72.0		73.0	73.0	73.0	
Black	Dot	229	50		74.0	74.0	74.0		173.0	73.0	73.0		121.0	128.0	121.0		73.0	74.0	73.0	
Black	Dot	230	50		73.0	73.0	73.0		73.0	73.0	173.0		73.0	73.0	73.0		72.0	73.0	74.0	
Black	Dot	231	50		75.0	73.0	73.0		73.0	73.0	73.0		73.0	73.0	72.0		73.0	74.0	73.0	
Black	Dot	232	50		73.0	73.0	74.0		73.0	73.0	123.0		73.0	112.0	120.0		73.0	123.0	73.0	
Black	Dot	233	50		74.0	73.0	73.0		123.0	73.0	73.0		73.0	113.0	73.0		73.0	73.0	73.0	
Black	Dot	234	50		73.0	73.0	75.0		73.0	73.0	123.0		73.0	112.0	73.0		73.0	121.0	73.0	
Black	Dot	235	50		75.0	73.0	77.0		73.0	73.0	123.0		72.0	73.0	72.0		73.0	73.0	125.0	
Black	Dot	236	50		73.0	73.0	79.0		73.0	73.0	73.0		73.0	73.0	73.0		73.0	74.0	80.0	
Black	Dot	237	50		73.0	73.0	75.0		73.0	73.0	73.0		73.0	135.0	232.0		73.0	74.0	73.0	
Black	Dot	238	50		74.0	73.0	74.0		73.0	73.0	123.0		113.0	73.0	73.0		73.0	123.0	73.0	
Black	Dot	239	50		73.0	73.0	73.0		123.0	123.0	73.0		73.0	73.0	73.0		74.0	73.0	73.0	
Black	Dot	240	50		73.0	73.0	73.0		73.0	73.0	73.0		73.0	113.0	73.0		73.0	73.0	79.0	
Black	Dot	241	50		73.0	73.0	74.0		73.0	73.0	73.0		73.0	73.0	73.0		73.0	73.0	73.0	
Black	Dot	242	50		73.0	73.0	73.0		73.0	73.0	123.0		72.0	121.0	73.0		73.0	128.0	74.0	
Black	Dot	243	50		73.0	73.0	75.0		73.0	73.0	73.0		73.0	73.0	113.0		73.0	73.0	123.0	
Black	Dot	244	50		73.0	73.0	73.0		73.0	73.0	123.0		73.0	73.0	73.0		73.0	73.0	73.0	
Black	Dot	245	50		73.0	73.0	73.0		73.0	73.0	123.0		73.0	73.0	121.0		73.0	73.0	73.0	
Black	Dot	246	50		74.0	74.0	73.0		73.0	123.0	73.0		73.0	73.0	73.0		73.0	73.0	74.0	
Black	Dot	247	50		73.0	73.0	73.0		73.0	123.0	223.0		73.0	73.0	113.0		73.0	80.0	75.0	
Black	Dot	248	50		73.0	75.0	74.0		73.0	73.0	73.0		73.0	73.0	73.0		73.0	73.0	73.0	
Black	Dot	249	50		73.0	74.0	75.0		73.0	73.0	123.0		80.0	80.0	113.0		74.0	81.0	73.0	
Black	Dot	250	50		73.0	73.0	74.0		73.0	73.0	73.0		73.0	73.0	72.0		73.0	73.0	74.0	
Black	Dot	251	50		73.0	73.0	74.0		73.0	73.0	73.0		73.0	87.0	80.0		73.0	80.0	73.0	
Black	Dot	252	50		74.0	74.0	73.0		73.0	73.0	73.0		73.0	80.0	73.0		73.0	73.0	74.0	
Black	Dot	253	50		73.0	73.0	73.0		73.0	73.0	73.0		73.0	73.0	176.0		73.0	73.0	73.0	
Black	Dot	254	50		73.0	74.0	73.0		73.0	73.0	123.0		73.0	73.0	113.0		73.0	73.0	73.0	
Black	Dot	255	50		74.0	73.0	75.0		73.0	73.0	223.0		80.0	112.0	80.0		73.0	73.0	73.0	
Black	Dot	256	50		73.0	73.0	73.0		73.0	73.0	73.0		73.0	121.0	73.0		73.0	73.0	73.0	
Black	Dot	257	50		73.0	75.0	74.0		123.0	73.0	73.0		73.0	73.0	73.0		73.0	80.0	73.0	
Black	Dot	258	50		73.0	75.0	75.0		73.0	73.0	73.0		72.0	73.0	73.0		73.0	73.0	80.0	
Black	Dot	259	50		73.0	73.0	73.0		73.0	73.0	73.0		73.0	73.0	73.0		73.0	73.0	73.0	
Black	Dot	260	50		73.0	73.0	75.0		73.0	123.0	73.0		73.0	73.0	79.0		73.0	74.0	74.0	
Black	Dot	261	50		73.0	73.0	76.0		73.0	73.0	123.0		73.0	73.0	80.0		73.0	73.0	73.0	
Black	Dot	262	50		73.0	74.0	74.0		73.0	123.0	123.0		73.0	80.0	80.0		74.0	174.0	80.0	
Black	Dot	263	50		73.0	73.0	76.0		73.0	123.0	123.0		73.0	73.0	87.0		123.0	73.0	81.0	
Black	Dot	264	50		73.0	73.0	74.0		73.0	73.0	73.0		73.0	73.0	80.0		73.0	73.0	135.0	
Black	Dot	265	50		73.0	74.0	74.0		73.0	73.0	73.0		73.0	121.0	73.0		77.0	73.0	74.0	
Black	Dot	266	50		73.0	73.0	76.0		73.0	73.0	73.0		73.0	73.0	73.0		73.0	80.0	72.0	
Black	Dot	267	50		73.0	73.0	73.0		73.0	73.0	73.0		80.0	72.0	73.0		73.0	73.0	129.0	
Black	Dot	268	50		73.0	73.0	74.0		73.0	73.0	173.0		73.0	73.0	73.0		72.0	73.0	73.0	
Black	Dot	269	50		73.0	74.0	73.0		73.0	73.0	73.0		73.0	73.0	73.0		73.0	73.0	176.0	
Black	Dot	270	50		74.0	73.0	73.0		73.0	73.0	173.0		73.0	73.0	119.0		74.0	73.0	74.0	
Black	Dot	271	50		73.0	73.0	73.0		73.0	73.0	73.0		73.0	73.0	73.0		73.0	123.0	81.0	
Black	Dot	272	50		73.0	73.0	75.0		73.0	73.0	73.0		73.0	73.0	73.0		74.0	73.0	73.0	
Black	Dot	273	50		74.0	74.0	75.0		73.0	123.0	123.0		73.0	80.0	80.0		73.0	124.0	74.0	
Black	Dot	274	50		73.0	73.0	78.0		73.0	123.0	123.0		73.0	73.0	73.0		73.0	73.0	88.0	
Black	Dot	275	50		73.0	73.0	73.0		73.0	73.0	223.0		73.0	72.0	87.0		73.0	73.0	121.0	
Black	Dot	276	50		74.0	74.0	73.0		73.0	73.0	223.0		73.0	73.0	72.0		72.0	73.0	73.0	
Black	Dot	277	50		73.0	73.0	75.0		123.0	123.0	73.0		73.0	73.0	73.0		73.0	73.0	73.0	
Black	Dot	278	50		73.0	74.0	73.0		123.0	73.0	73.0		73.0	73.0	72.0		73.0	123.0	74.0	
Black	Dot	279	50		73.0	73.0	73.0		73.0	73.0	73.0		73.0	73.0	73.0		73.0	73.0	73.0	
Black	Dot	280	50		73.0	73.0	73.0		73.0	73.0	73.0		73.0	73.0	80.0		73.0	137.0	73.0	
Black	Dot	281	50		73.0	73.0	73.0		73.0	123.0	73.0		73.0	73.0	73.0		73.0	74.0	74.0	
Black	Dot	282	50		73.0	73.0	75.0		73.0	73.0	173.0		73.0	73.0	73.0		73.0	73.0	80.0	
Black	Dot	283	50		73.0	74.0	73.0		73.0	73.0	73.0		73.0	73.0	73.0		73.0	73.0	72.0	
Black	Dot	284	50		73.0	74.0	73.0		123.0	73.0	73.0		73.0	79.0	73.0		73.0	73.0	123.0	
Black	Dot	285	50		73.0	73.0	74.0		73.0	73.0	73.0		73.0	73.0	113.0		123.0	73.0	73.0	
Black	Dot	286	50		73.0	74.0	73.0		73.0	123.0	73.0		73.0	72.0	73.0		73.0	73.0	73.0	
Black	Dot	287	50		73.0	74.0	77.0		73.0	123.0	73.0		80.0	73.0	73.0		73.0	73.0	73.0	
Black	Dot	288	50		73.0	73.0	74.0		73.0	73.0	73.0		73.0	80.0	80.0		73.0	73.0	73.0	
Black	Dot	289	50		73.0	73.0	75.0		73.0	73.0	73.0		73.0	73.0	73.0		73.0	73.0	73.0	
Black	Dot	290	50		74.0	74.0	73.0		73.0	73.0	73.0		73.0	73.0	73.0		73.0	73.0	121.0	
Black	Dot	291	50		73.0	73.0	74.0		73.0	73.0	123.0		73.0	73.0	73.0		73.0	73.0	74.0	
Black	Dot	292	50		73.0	73.0	74.0		73.0	73.0	123.0		80.0	73.0	80.0		73.0	73.0	73.0	
Black	Dot	293	50		73.0	73.0	73.0		73.0	73.0	73.0		73.0	80.0	80.0		73.0	73.0	73.0	
Black	Dot	294	50		73.0	73.0	74.0		73.0	73.0	73.0		73.0	72.0	72.0		73.0	73.0	74.0	
Black	Dot	295	50		73.0	73.0	74.0		73.0	173.0	173.0		73.0	72.0	181.0		73.0	73.0	73.0	
Black	Dot	296	50		74.0	73.0	74.0		123.0	73.0	73.0		73.0	73.0	73.0		73.0	73.0	73.0	
Black	Dot	297	50		74.0	74.0	74.0		73.0	73.0	123.0		73.0	127.0	72.0		73.0	74.0	73.0	
Black	Dot	298	50		74.0	73.0	73.0		73.0	73.0	73.0		73.0	73.0	72.0		73.0	73.0	73.0	
Black	Dot	299	50		73.0	73.0	74.0		73.0	123.0	73.0		73.0	73.0	87.0		81.0	73.0	74.0	
Black	Dot	300	50		75.0	73.0	75.0		123.0	123.0	73.0		72.0	73.0	113.0		73.0	73.0	73.0	
Black	Dot	301	50		73.0	73.0	73.0		73.0	73.0	73.0		72.0	73.0	80.0		80.0	73.0	81.0	
Black	Dot	302	50		73.0	74.0	73.0		73.0	73.0	123.0		73.0	73.0	73.0		73.0	73.0	80.0	
Black	Dot	303	50		73.0	73.0	76.0		73.0	73.0	123.0		72.0	73.0	73.0		73.0	73.0	74.0	
Black	Dot	304	50		73.0	73.0	74.0		73.0	123.0	123.0		73.0	73.0	72.0		73.0	73.0	73.0	
Black	Dot	305	50		73.0	73.0	74.0		73.0	73.0	123.0		80.0	72.0	121.0		80.0	74.0	85.0	
Black	Dot	306	50		75.0	73.0	74.0		73.0	73.0	73.0		73.0	73.0	72.0		73.0	74.0	125.0	
Black	Dot	307	50		73.0	73.0	73.0		73.0	73.0	73.0		73.0	80.0	73.0		73.0	73.0	73.0	
Black	Dot	308	50		73.0	73.0	75.0		73.0	73.0	73.0		73.0	73.0	73.0		73.0	73.0	73.0	
Black	Dot	309	50		73.0	74.0	73.0		73.0	73.0	73.0		73.0	72.0	73.0		73.0	94.0	73.0	
Black	Dot	310	50		73.0	73.0	74.0		73.0	73.0	73.0		73.0	153.0	73.0		73.0	73.0	74.0	
Black	Dot	311	50		73.0	75.0	77.0		73.0	73.0	73.0		73.0	72.0	120.0		73.0	73.0	124.0	
Black	Dot	312	50		74.0	73.0	74.0		73.0	73.0	73.0		73.0	73.0	73.0		73.0	73.0	73.0	
Black	Dot	313	50		73.0	73.0	76.0		73.0	73.0	73.0		73.0	73.0	73.0		73.0	75.0	122.0	
Black	Dot	314	50		75.0	73.0	73.0		73.0	73.0	73.0		73.0	121.0	72.0		73.0	73.0	73.0	
Black	Dot	315	50		74.0	74.0	76.0		73.0	73.0	73.0		73.0	73.0	80.0		73.0	73.0	73.0	
Black	Dot	316	50		73.0	73.0	73.0		123.0	73.0	123.0		73.0	72.0	113.0		73.0	173.0	81.0	
Black	Dot	317	50		73.0	73.0	74.0		73.0	73.0	123.0		73.0	73.0	80.0		123.0	73.0	73.0	
Black	Dot	318	50		73.0	73.0	73.0		73.0	73.0	73.0		73.0	73.0	73.0		73.0	74.0	123.0	
Black	Dot	319	50		73.0	73.0	74.0		73.0	73.0	73.0		80.0	72.0	79.0		73.0	73.0	73.0	
Black	Dot	320	50		74.0	73.0	73.0		73.0	73.0	73.0		73.0	73.0	73.0		73.0	73.0	76.0	
Black	Dot	321	50		73.0	76.0	73.0		73.0	73.0	73.0		73.0	73.0	73.0		73.0	73.0	123.0	
Black	Dot	322	50		73.0	73.0	73.0		73.0	73.0	73.0		73.0	73.0	73.0		73.0	73.0	73.0	
Black	Dot	323	50		73.0	73.0	73.0		73.0	73.0	73.0		73.0	73.0	73.0		74.0	123.0	80.0	
Black	Dot	324	50		73.0	73.0	73.0		73.0	73.0	173.0		73.0	175.0	72.0		74.0	80.0	131.0	
Black	Dot	325	50		73.0	73.0	75.0		123.0	73.0	123.0		80.0	80.0	73.0		73.0	73.0	73.0	
Black	Dot	326	50		74.0	74.0	73.0		73.0	73.0	73.0		73.0	73.0	72.0		73.0	73.0	73.0	
Black	Dot	327	50		73.0	73.0	73.0		73.0	73.0	123.0		73.0	73.0	113.0		73.0	73.0	74.0	
Black	Dot	328	50		73.0	73.0	75.0		73.0	73.0	123.0		73.0	73.0	80.0		73.0	73.0	73.0	
Black	Dot	329	50		73.0	73.0	75.0		73.0	73.0	73.0		73.0	73.0	73.0		73.0	73.0	73.0	
Black	Dot	330	50		74.0	73.0	74.0		73.0	73.0	73.0		73.0	73.0	73.0		73.0	74.0	73.0	
Black	Dot	331	50		74.0	73.0	73.0		73.0	73.0	123.0		73.0	80.0	72.0		73.0	73.0	73.0	
Black	Dot	332	50		73.0	73.0	74.0		73.0	73.0	173.0		87.0	73.0	73.0		73.0	73.0	73.0	
Black	Dot	333	50		73.0	73.0	73.0		73.0	73.0	73.0		72.0	161.0	86.0		73.0	73.0	73.0	
Black	Dot	334	50		73.0	73.0	74.0		123.0	123.0	73.0		73.0	73.0	73.0		73.0	73.0	130.0	
Black	Dot	335	50		73.0	73.0	74.0		73.0	73.0	123.0		73.0	73.0	73.0		74.0	123.0	123.0	
Black	Dot	336	50		73.0	74.0	78.0		73.0	73.0	73.0		73.0	73.0	128.0		73.0	72.0	73.0	
Black	Dot	337	50		73.0	73.0	73.0		73.0	73.0	73.0		73.0	73.0	73.0		73.0	124.0	73.0	
Black	Dot	338	50		73.0	74.0	75.0		73.0	73.0	123.0		72.0	73.0	79.0		73.0	73.0	73.0	
Black	Dot	339	50		73.0	74.0	73.0		73.0	73.0	73.0		73.0	113.0	80.0		73.0	73.0	73.0	
Black	Dot	340	50		73.0	73.0	75.0		73.0	73.0	123.0		73.0	73.0	160.0		73.0	80.0	73.0	
Black	Dot	341	50		73.0	73.0	75.0		73.0	73.0	123.0		73.0	73.0	72.0		73.0	73.0	73.0	
Black	Dot	342	50		73.0	76.0	75.0		73.0	73.0	73.0		73.0	72.0	73.0		81.0	80.0	73.0	
Black	Dot	343	50		73.0	73.0	74.0		73.0	73.0	123.0		73.0	73.0	73.0		73.0	73.0	73.0	
Black	Dot	344	50		73.0	73.0	74.0		73.0	123.0	73.0		72.0	79.0	73.0		73.0	73.0	73.0	
Black	Dot	345	50		73.0	73.0	73.0		73.0	173.0	73.0		72.0	73.0	80.0		73.0	73.0	73.0	
Black	Dot	346	50		73.0	74.0	73.0		123.0	73.0	173.0		73.0	73.0	73.0		73.0	73.0	73.0	
Black	Dot	347	50		73.0	76.0	75.0		73.0	73.0	73.0		73.0	87.0	72.0		73.0	74.0	73.0	
Black	Dot	348	50		73.0	73.0	74.0		73.0	73.0	73.0		73.0	80.0	80.0		73.0	73.0	73.0	
Black	Dot	349	50		73.0	74.0	74.0		73.0	73.0	123.0		73.0	73.0	80.0		73.0	73.0	73.0	
Black	Dot	350	50		74.0	73.0	74.0		73.0	123.0	73.0		73.0	73.0	73.0		73.0	73.0	73.0	
Black	Dot	351	50		73.0	74.0	77.0		73.0	123.0	73.0		73.0	72.0	121.0		72.0	73.0	73.0	
Black	Dot	352	50		74.0	73.0	73.0		73.0	173.0	73.0		73.0	121.0	73.0		73.0	73.0	73.0	
Black	Dot	353	50		73.0	73.0	74.0		73.0	73.0	73.0		73.0	72.0	73.0		73.0	73.0	72.0	
Black	Dot	354	50		73.0	73.0	73.0		73.0	123.0	73.0		72.0	72.0	73.0		73.0	73.0	73.0	
Black	Dot	355	50		73.0	73.0	73.0		73.0	73.0	73.0		73.0	80.0	72.0		73.0	73.0	72.0	
Black	Dot	356	50		74.0	74.0	76.0		73.0	73.0	123.0		80.0	73.0	73.0		73.0	73.0	135.0	
Black	Dot	357	50		73.0	74.0	74.0		73.0	323.0	73.0		80.0	121.0	87.0		73.0	73.0	123.0	
Black	Dot	358	50		73.0	73.0	74.0		73.0	73.0	73.0		73.0	73.0	113.0		73.0	73.0	173.0	
Black	Dot	359	50		75.0	75.0	74.0		73.0	73.0	123.0		73.0	73.0	72.0		73.0	73.0	73.0	
Black	Dot	360	50		73.0	75.0	73.0		123.0	73.0	73.0		73.0	73.0	80.0		73.0	73.0	123.0	
Black	Dot	361	50		73.0	74.0	73.0		73.0	123.0	123.0		73.0	73.0	86.0		73.0	72.0	73.0	
Black	Dot	362	50		73.0	73.0	75.0		73.0	73.0	73.0		80.0	73.0	73.0		73.0	73.0	73.0	
Black	Dot	363	50		73.0	73.0	75.0		73.0	73.0	73.0		73.0	73.0	87.0		73.0	73.0	73.0	
Black	Dot	364	50		74.0	73.0	75.0		73.0	73.0	73.0		73.0	73.0	73.0		73.0	73.0	74.0	
Black	Dot	365	50		73.0	73.0	74.0		123.0	73.0	173.0		80.0	73.0	73.0		73.0	73.0	73.0	
Black	Dot	366	50		74.0	73.0	74.0		73.0	123.0	123.0		73.0	72.0	72.0		73.0	74.0	73.0	
Black	Dot	367	50		74.0	73.0	73.0		73.0	73.0	73.0		73.0	73.0	73.0		73.0	73.0	74.0	
Black	Dot	368	50		73.0	73.0	73.0		73.0	73.0	73.0		73.0	73.0	121.0		73.0	72.0	73.0	
Black	Dot	369	50		74.0	73.0	74.0		73.0	73.0	73.0		72.0	73.0	73.0		73.0	74.0	73.0	
Black	Dot	370	50		73.0	73.0	73.0		123.0	73.0	123.0		80.0	73.0	73.0		73.0	72.0	74.0	
Black	Dot	371	50		74.0	75.0	74.0		73.0	73.0	73.0		73.0	73.0	73.0		73.0	73.0	73.0	
Black	Dot	372	50		73.0	73.0	76.0		123.0	73.0	123.0		73.0	80.0	80.0		73.0	73.0	73.0	
Black	Dot	373	50		75.0	74.0	74.0		73.0	73.0	73.0		72.0	80.0	72.0		73.0	74.0	127.0	
Black	Dot	374	50		74.0	73.0	73.0		73.0	73.0	73.0		80.0	73.0	73.0		73.0	73.0	79.0	
Black	Dot	375	50		73.0	73.0	73.0		73.0	73.0	73.0		73.0	73.0	72.0		73.0	73.0	124.0	
Black	Dot	376	50		73.0	74.0	74.0		73.0	73.0	73.0		73.0	73.0	73.0		73.0	123.0	73.0	
Black	Dot	377	50		74.0	74.0	73.0		73.0	73.0	73.0		73.0	73.0	73.0		73.0	173.0	74.0	
Black	Dot	378	50		73.0	73.0	74.0		123.0	73.0	73.0		73.0	73.0	72.0		73.0	73.0	73.0	
Black	Dot	379	50		74.0	73.0	73.0		73.0	73.0	73.0		80.0	73.0	80.0		73.0	73.0	73.0	
Black	Dot	380	50		73.0	73.0	73.0		73.0	73.0	73.0		73.0	72.0	73.0		73.0	75.0	73.0	
Black	Dot	381	50		73.0	73.0	74.0		73.0	73.0	123.0		73.0	73.0	128.0		74.0	80.0	72.0	
Black	Dot	382	50		73.0	73.0	73.0		73.0	73.0	73.0		73.0	73.0	73.0		73.0	73.0	181.0	
Black	Dot	383	50		73.0	73.0	76.0		73.0	73.0	73.0		73.0	73.0	73.0		74.0	73.0	73.0	
Black	Dot	384	50		73.0	73.0	74.0		73.0	73.0	173.0		80.0	73.0	73.0		73.0	73.0	113.0	
Black	Dot	385	50		73.0	73.0	73.0		73.0	73.0	173.0		73.0	73.0	87.0		73.0	73.0	123.0	
Black	Dot	386	50		73.0	76.0	73.0		73.0	73.0	73.0		73.0	73.0	73.0		73.0	73.0	127.0	
Black	Dot	387	50		73.0	73.0	78.0		73.0	73.0	173.0		73.0	73.0	73.0		73.0	73.0	74.0	
Black	Dot	388	50		73.0	74.0	74.0		73.0	73.0	123.0		73.0	73.0	80.0		73.0	72.0	77.0	
Black	Dot	389	50		73.0	73.0	73.0		73.0	73.0	173.0		73.0	79.0	73.0		72.0	72.0	73.0	
Black	Dot	390	50		74.0	74.0	74.0		73.0	73.0	73.0		73.0	73.0	73.0		124.0	73.0	73.0	
Black	Dot	391	50		73.0	74.0	73.0		123.0	73.0	73.0		73.0	73.0	73.0		74.0	73.0	74.0	
Black	Dot	392	50		73.0	74.0	75.0		73.0	73.0	123.0		73.0	73.0	73.0		73.0	73.0	74.0	
Black	Dot	393	50		73.0	74.0	74.0		73.0	173.0	73.0		73.0	73.0	86.0		73.0	80.0	73.0	
Black	Dot	394	50		73.0	73.0	74.0		73.0	73.0	73.0		73.0	80.0	72.0		73.0	73.0	73.0	
Black	Dot	395	50		73.0	73.0	75.0		73.0	73.0	73.0		73.0	80.0	73.0		73.0	73.0	123.0	
Black	Dot	396	50		73.0	75.0	75.0		73.0	73.0	73.0		73.0	73.0	73.0		73.0	73.0	74.0	
Black	Dot	397	50		73.0	73.0	74.0		73.0	73.0	73.0		72.0	80.0	73.0		73.0	73.0	120.0	
Black	Dot	398	50		73.0	76.0	73.0		73.0	73.0	73.0		79.0	80.0	80.0		130.0	72.0	124.0	
Black	Dot	399	50		73.0	73.0	73.0		73.0	73.0	223.0		73.0	73.0	112.0		73.0	73.0	73.0	
Black	Dot	400	50		73.0	73.0	73.0		73.0	73.0	123.0		73.0	72.0	73.0		73.0	73.0	74.0	
Black	Dot	401	50		73.0	74.0	73.0		123.0	73.0	73.0		73.0	73.0	121.0		73.0	73.0	74.0	
Black	Dot	402	50		74.0	75.0	74.0		73.0	73.0	123.0		73.0	73.0	80.0		74.0	73.0	73.0	
Black	Dot	403	50		73.0	76.0	74.0		73.0	123.0	123.0		73.0	73.0	73.0		74.0	74.0	73.0	
Black	Dot	404	50		74.0	75.0	73.0		73.0	73.0	73.0		73.0	80.0	113.0		73.0	73.0	74.0	
Black	Dot	405	50		73.0	73.0	75.0		73.0	73.0	123.0		73.0	73.0	119.0		73.0	74.0	72.0	
Black	Dot	406	50		73.0	74.0	73.0		73.0	73.0	73.0		73.0	80.0	80.0		73.0	73.0	73.0	
Black	Dot	407	50		73.0	73.0	74.0		73.0	123.0	73.0		73.0	73.0	73.0		73.0	73.0	125.0	
Black	Dot	408	50		73.0	73.0	76.0		73.0	73.0	73.0		72.0	73.0	73.0		73.0	73.0	73.0	
Black	Dot	409	50		74.0	74.0	73.0		73.0	73.0	223.0		73.0	73.0	73.0		73.0	73.0	80.0	
Black	Dot	410	50		73.0	74.0	77.0		73.0	73.0	73.0		73.0	73.0	73.0		73.0	73.0	86.0	
Black	Dot	411	50		73.0	73.0	73.0		73.0	73.0	73.0		73.0	73.0	112.0		73.0	73.0	73.0	
Black	Dot	412	50		74.0	73.0	73.0		73.0	123.0	73.0		73.0	73.0	128.0		73.0	73.0	73.0	
Black	Dot	413	50		75.0	73.0	74.0		73.0	73.0	123.0		73.0	128.0	73.0		74.0	73.0	123.0	
Black	Dot	414	50		73.0	75.0	73.0		73.0	73.0	73.0		73.0	80.0	73.0		73.0	73.0	74.0	
Black	Dot	415	50		74.0	73.0	74.0		73.0	73.0	223.0		73.0	73.0	73.0		73.0	73.0	73.0	
Black	Dot	416	50		73.0	73.0	76.0		73.0	73.0	73.0		73.0	73.0	87.0		73.0	74.0	73.0	
Black	Dot	417	50		73.0	75.0	73.0		73.0	73.0	73.0		73.0	72.0	73.0		73.0	72.0	89.0	
Black	Dot	418	50		73.0	73.0	74.0		73.0	73.0	123.0		73.0	72.0	73.0		74.0	73.0	74.0	
Black	Dot	419	50		73.0	74.0	76.0		123.0	73.0	123.0		73.0	73.0	73.0		73.0	73.0	123.0	
Black	Dot	420	50		73.0	73.0	74.0		73.0	73.0	273.0		73.0	73.0	73.0		73.0	73.0	73.0	
Black	Dot	421	50		75.0	73.0	73.0		73.0	73.0	73.0		73.0	72.0	73.0		73.0	74.0	86.0	
Black	Dot	422	50		73.0	73.0	75.0		73.0	73.0	123.0		72.0	73.0	72.0		73.0	73.0	73.0	
Black	Dot	423	50		73.0	73.0	74.0		123.0	73.0	73.0		73.0	73.0	80.0		73.0	73.0	73.0	
Black	Dot	424	50		73.0	74.0	74.0		123.0	73.0	73.0		72.0	73.0	113.0		73.0	73.0	73.0	
Black	Dot	425	50		73.0	73.0	73.0		73.0	73.0	73.0		73.0	73.0	73.0		73.0	73.0	73.0	
Black	Dot	426	50		73.0	74.0	73.0		73.0	73.0	73.0		73.0	73.0	80.0		73.0	74.0	73.0	
Black	Dot	427	50		74.0	74.0	73.0		73.0	73.0	123.0		73.0	73.0	112.0		73.0	73.0	74.0	
Black	Dot	428	50		73.0	73.0	73.0		73.0	73.0	73.0		73.0	113.0	80.0		73.0	74.0	73.0	
Black	Dot	429	50		73.0	74.0	73.0		73.0	73.0	173.0		73.0	73.0	80.0		73.0	73.0	123.0	
Black	Dot	430	50		73.0	74.0	77.0		73.0	73.0	73.0		73.0	73.0	120.0		73.0	73.0	73.0	
Black	Dot	431	50		74.0	73.0	74.0		73.0	73.0	73.0		72.0	80.0	72.0		73.0	73.0	73.0	
Black	Dot	432	50		74.0	73.0	75.0		73.0	73.0	123.0		73.0	73.0	73.0		73.0	73.0	124.0	
Black	Dot	433	50		73.0	73.0	73.0		73.0	73.0	73.0		73.0	73.0	73.0		73.0	73.0	72.0	
Black	Dot	434	50		74.0	73.0	75.0		73.0	73.0	123.0		72.0	73.0	87.0		73.0	73.0	73.0	
Black	Dot	435	50		73.0	74.0	75.0		73.0	73.0	223.0		80.0	73.0	161.0		73.0	74.0	73.0	
Black	Dot	436	50		73.0	74.0	73.0		73.0	123.0	173.0		73.0	72.0	72.0		73.0	73.0	73.0	
Black	Dot	437	50		74.0	73.0	73.0		73.0	73.0	73.0		72.0	73.0	73.0		73.0	73.0	73.0	
Black	Dot	438	50		73.0	75.0	73.0		73.0	73.0	123.0		73.0	73.0	73.0		73.0	74.0	129.0	
Black	Dot	439	50		73.0	73.0	74.0		73.0	73.0	73.0		73.0	73.0	79.0		123.0	73.0	73.0	
Black	Dot	440	50		74.0	73.0	76.0		73.0	73.0	73.0		73.0	73.0	86.0		73.0	73.0	73.0	
Black	Dot	441	50		73.0	73.0	73.0		123.0	73.0	123.0		73.0	80.0	119.0		80.0	73.0	173.0	
Black	Dot	442	50		73.0	75.0	77.0		73.0	73.0	73.0		73.0	73.0	73.0		73.0	73.0	73.0	
Black	Dot	443	50		73.0	73.0	74.0		73.0	123.0	223.0		72.0	72.0	73.0		73.0	73.0	75.0	
Black	Dot	444	50		73.0	73.0	76.0		73.0	123.0	123.0		73.0	73.0	73.0		73.0	123.0	73.0	
Black	Dot	445	50		73.0	73.0	74.0		73.0	73.0	73.0		73.0	72.0	73.0		73.0	73.0	73.0	
Black	Dot	446	50		73.0	73.0	76.0		73.0	73.0	73.0		73.0	73.0	72.0		74.0	73.0	73.0	
Black	Dot	447	50		73.0	74.0	74.0		73.0	123.0	73.0		73.0	73.0	72.0		73.0	73.0	74.0	
Black	Dot	448	50		73.0	73.0	74.0		73.0	173.0	173.0		73.0	72.0	73.0		73.0	113.0	73.0	
Black	Dot	449	50		74.0	74.0	74.0		73.0	123.0	73.0		73.0	73.0	73.0		73.0	73.0	81.0	
Black	Dot	450	50		73.0	73.0	75.0		73.0	123.0	73.0		73.0	73.0	73.0		73.0	73.0	80.0	
Black	Dot	451	50		73.0	73.0	73.0		73.0	73.0	123.0		72.0	80.0	73.0		73.0	73.0	74.0	
Black	Dot	452	50		74.0	74.0	73.0		73.0	73.0	173.0		80.0	73.0	73.0		123.0	73.0	73.0	
Black	Dot	453	50		73.0	73.0	75.0		73.0	123.0	123.0		73.0	72.0	72.0		73.0	73.0	73.0	
Black	Dot	454	50		74.0	74.0	73.0		73.0	123.0	73.0		73.0	94.0	73.0		73.0	80.0	124.0	
Black	Dot	455	50		73.0	74.0	73.0		73.0	73.0	123.0		80.0	86.0	73.0		73.0	73.0	73.0	
Black	Dot	456	50		74.0	74.0	74.0		73.0	73.0	73.0		73.0	72.0	120.0		73.0	73.0	80.0	
Black	Dot	457	50		73.0	74.0	73.0		73.0	123.0	73.0		72.0	73.0	94.0		73.0	73.0	73.0	
Black	Dot	458	50		73.0	77.0	73.0		73.0	73.0	73.0		73.0	73.0	73.0		73.0	73.0	74.0	
Black	Dot	459	50		73.0	73.0	73.0		73.0	73.0	173.0		73.0	73.0	73.0		72.0	74.0	73.0	
Black	Dot	460	50		74.0	73.0	73.0		73.0	73.0	73.0		73.0	113.0	73.0		73.0	73.0	73.0	
Black	Dot	461	50		73.0	74.0	74.0		123.0	73.0	173.0		73.0	121.0	87.0		73.0	73.0	73.0	
Black	Dot	462	50		73.0	73.0	73.0		73.0	73.0	73.0		72.0	73.0	73.0		73.0	72.0	80.0	
Black	Dot	463	50		73.0	73.0	75.0		73.0	173.0	173.0		73.0	73.0	73.0		74.0	85.0	73.0	
Black	Dot	464	50		73.0	74.0	75.0		123.0	73.0	73.0		73.0	121.0	73.0		73.0	73.0	73.0	
Black	Dot	465	50		73.0	74.0	74.0		73.0	73.0	73.0		80.0	72.0	113.0		73.0	73.0	73.0	
Black	Dot	466	50		73.0	74.0	73.0		73.0	73.0	73.0		73.0	73.0	73.0		73.0	73.0	72.0	
Black	Dot	467	50		73.0	76.0	74.0		73.0	123.0	123.0		73.0	121.0	80.0		73.0	73.0	163.0	
Black	Dot	468	50		73.0	73.0	73.0		73.0	73.0	73.0		73.0	73.0	73.0		74.0	80.0	73.0	
Black	Dot	469	50		73.0	73.0	74.0		123.0	73.0	123.0		73.0	73.0	73.0		73.0	73.0	77.0	
Black	Dot	470	50		73.0	73.0	74.0		73.0	73.0	73.0		73.0	72.0	153.0		73.0	73.0	73.0	
Black	Dot	471	50		73.0	74.0	73.0		73.0	123.0	73.0		73.0	73.0	73.0		73.0	73.0	74.0	
Black	Dot	472	50		73.0	74.0	73.0		73.0	73.0	273.0		73.0	73.0	208.0		73.0	74.0	74.0	
Black	Dot	473	50		73.0	74.0	74.0		73.0	73.0	123.0		80.0	80.0	73.0		73.0	73.0	73.0	
Black	Dot	474	50		73.0	73.0	73.0		73.0	73.0	73.0		73.0	73.0	87.0		80.0	72.0	73.0	
Black	Dot	475	50		73.0	73.0	73.0		73.0	73.0	73.0		73.0	73.0	113.0		73.0	81.0	73.0	
Black	Dot	476	50		73.0	73.0	75.0		73.0	223.0	73.0		80.0	113.0	161.0		73.0	73.0	73.0	
Black	Dot	477	50		73.0	74.0	73.0		73.0	73.0	123.0		73.0	73.0	73.0		73.0	73.0	74.0	
Black	Dot	478	50		73.0	73.0	75.0		73.0	73.0	73.0		73.0	73.0	72.0		74.0	120.0	123.0	
Black	Dot	479	50		73.0	75.0	73.0		73.0	123.0	73.0		73.0	73.0	73.0		73.0	73.0	72.0	
Black	Dot	480	50		73.0	73.0	73.0		73.0	73.0	123.0		73.0	135.0	128.0		122.0	73.0	73.0	
Black	Dot	481	50		73.0	73.0	73.0		73.0	73.0	73.0		73.0	73.0	72.0		73.0	73.0	73.0	
Black	Dot	482	50		74.0	73.0	74.0		73.0	73.0	123.0		80.0	73.0	72.0		73.0	73.0	73.0	
Black	Dot	483	50		73.0	76.0	73.0		73.0	73.0	73.0		73.0	73.0	73.0		73.0	73.0	77.0	
Black	Dot	484	50		73.0	73.0	76.0		73.0	73.0	73.0		73.0	73.0	79.0		123.0	75.0	73.0	
Black	Dot	485	50		73.0	74.0	73.0		73.0	73.0	73.0		73.0	73.0	72.0		74.0	73.0	73.0	
Black	Dot	486	50		73.0	73.0	76.0		73.0	73.0	73.0		72.0	73.0	73.0		74.0	74.0	134.0	
Black	Dot	487	50		73.0	73.0	74.0		73.0	73.0	73.0		73.0	73.0	73.0		73.0	73.0	123.0	
Black	Dot	488	50		74.0	75.0	73.0		73.0	73.0	123.0		73.0	87.0	73.0		73.0	73.0	82.0	
Black	Dot	489	50		73.0	73.0	75.0		73.0	73.0	73.0		73.0	73.0	73.0		72.0	73.0	124.0	
Black	Dot	490	50		73.0	73.0	76.0		73.0	73.0	123.0		73.0	73.0	72.0		73.0	74.0	73.0	
Black	Dot	491	50		73.0	73.0	73.0		123.0	123.0	73.0		73.0	73.0	113.0		73.0	73.0	73.0	
Black	Dot	492	50		74.0	73.0	76.0		73.0	73.0	73.0		72.0	113.0	72.0		73.0	74.0	73.0	
Black	Dot	493	50		74.0	73.0	75.0		73.0	73.0	123.0		73.0	73.0	80.0		73.0	81.0	73.0	
Black	Dot	494	50		73.0	73.0	73.0		73.0	73.0	123.0		72.0	72.0	73.0		73.0	74.0	73.0	
Black	Dot	495	50		73.0	73.0	73.0		73.0	73.0	123.0		73.0	72.0	72.0		73.0	73.0	131.0	
Black	Dot	496	50		73.0	73.0	74.0		73.0	123.0	273.0		73.0	73.0	72.0		73.0	73.0	72.0	
Black	Dot	497	50		73.0	74.0	73.0		73.0	73.0	73.0		73.0	73.0	73.0		73.0	73.0	73.0	
Black	Dot	498	50		73.0	73.0	74.0		73.0	73.0	73.0		73.0	73.0	73.0		73.0	134.0	73.0	
Black	Dot	499	50		73.0	75.0	73.0		73.0	73.0	73.0		73.0	80.0	113.0		73.0	73.0	73.0	
Black	Dot	500	50		73.0	79.0	73.0		73.0	73.0	173.0		73.0	73.0	73.0		80.0	73.0	73.0	
<decimals>0
