:	Dot		-	-	-	-	-	-	-	-	-	-	-	-	-	-	-	-	-	
Black	Dot	0	Ideal	c2	Atrasar/10	Atrasar/20	Atrasar/30	c5	Voltar/10	Voltar/20	Voltar/30	c9	Desviar/10	Desviar/20	Desviar/30	c17	Todos/10	Todos/20	Todos/30	
Black	Dot	1	30		45.0	43.0	45.0		43.0	43.0	73.0		43.0	70.0	43.0		43.0	43.0	43.0	
Black	Dot	2	30		43.0	43.0	43.0		43.0	43.0	43.0		72.0	43.0	43.0		43.0	43.0	43.0	
Black	Dot	3	30		43.0	43.0	43.0		43.0	43.0	43.0		43.0	43.0	43.0		43.0	43.0	43.0	
Black	Dot	4	30		43.0	44.0	43.0		43.0	43.0	43.0		43.0	120.0	43.0		43.0	43.0	103.0	
Black	Dot	5	30		43.0	44.0	47.0		43.0	43.0	43.0		43.0	43.0	70.0		43.0	72.0	44.0	
Black	Dot	6	30		43.0	45.0	43.0		73.0	43.0	73.0		43.0	43.0	141.0		43.0	102.0	43.0	
Black	Dot	7	30		44.0	43.0	48.0		43.0	73.0	43.0		43.0	43.0	43.0		43.0	43.0	44.0	
Black	Dot	8	30		44.0	43.0	43.0		43.0	73.0	103.0		70.0	43.0	43.0		43.0	43.0	73.0	
Black	Dot	9	30		44.0	43.0	43.0		43.0	43.0	43.0		72.0	43.0	43.0		43.0	43.0	43.0	
Black	Dot	10	30		43.0	43.0	44.0		43.0	43.0	43.0		43.0	70.0	43.0		43.0	43.0	43.0	
Black	Dot	11	30		43.0	43.0	44.0		43.0	43.0	43.0		70.0	70.0	43.0		43.0	44.0	101.0	
Black	Dot	12	30		43.0	43.0	43.0		43.0	43.0	43.0		43.0	43.0	43.0		43.0	44.0	74.0	
Black	Dot	13	30		43.0	43.0	43.0		43.0	43.0	133.0		43.0	99.0	72.0		43.0	44.0	43.0	
Black	Dot	14	30		44.0	46.0	44.0		43.0	43.0	43.0		43.0	43.0	43.0		73.0	43.0	180.0	
Black	Dot	15	30		43.0	45.0	43.0		43.0	43.0	43.0		43.0	43.0	43.0		43.0	43.0	43.0	
Black	Dot	16	30		43.0	43.0	43.0		43.0	43.0	43.0		43.0	43.0	91.0		43.0	43.0	43.0	
Black	Dot	17	30		43.0	43.0	43.0		43.0	103.0	73.0		43.0	43.0	43.0		43.0	91.0	94.0	
Black	Dot	18	30		44.0	43.0	43.0		73.0	43.0	43.0		43.0	99.0	43.0		43.0	73.0	43.0	
Black	Dot	19	30		43.0	44.0	43.0		43.0	43.0	43.0		43.0	70.0	43.0		43.0	43.0	43.0	
Black	Dot	20	30		43.0	43.0	43.0		73.0	43.0	103.0		43.0	43.0	120.0		43.0	43.0	43.0	
Black	Dot	21	30		44.0	43.0	44.0		43.0	43.0	43.0		43.0	145.0	118.0		43.0	43.0	97.0	
Black	Dot	22	30		44.0	43.0	43.0		43.0	103.0	73.0		43.0	43.0	72.0		43.0	44.0	95.0	
Black	Dot	23	30		44.0	43.0	43.0		43.0	43.0	43.0		43.0	43.0	43.0		71.0	43.0	43.0	
Black	Dot	24	30		43.0	45.0	44.0		43.0	73.0	43.0		43.0	43.0	72.0		43.0	43.0	70.0	
Black	Dot	25	30		43.0	45.0	43.0		43.0	43.0	43.0		43.0	70.0	43.0		43.0	74.0	43.0	
Black	Dot	26	30		43.0	44.0	43.0		43.0	73.0	103.0		43.0	43.0	72.0		43.0	43.0	73.0	
Black	Dot	27	30		43.0	43.0	44.0		43.0	43.0	43.0		43.0	43.0	72.0		43.0	43.0	43.0	
Black	Dot	28	30		43.0	43.0	44.0		43.0	43.0	43.0		43.0	43.0	43.0		43.0	43.0	43.0	
Black	Dot	29	30		43.0	43.0	43.0		43.0	43.0	43.0		43.0	70.0	43.0		43.0	72.0	44.0	
Black	Dot	30	30		43.0	43.0	44.0		43.0	43.0	43.0		70.0	72.0	43.0		43.0	43.0	70.0	
Black	Dot	31	30		43.0	43.0	46.0		43.0	43.0	133.0		70.0	93.0	72.0		43.0	43.0	43.0	
Black	Dot	32	30		44.0	43.0	43.0		43.0	103.0	43.0		99.0	72.0	197.0		91.0	43.0	43.0	
Black	Dot	33	30		43.0	43.0	45.0		43.0	73.0	43.0		43.0	43.0	72.0		43.0	45.0	98.0	
Black	Dot	34	30		43.0	43.0	44.0		43.0	73.0	43.0		43.0	43.0	43.0		43.0	43.0	43.0	
Black	Dot	35	30		44.0	43.0	43.0		73.0	73.0	43.0		43.0	43.0	43.0		43.0	43.0	43.0	
Black	Dot	36	30		43.0	43.0	44.0		73.0	73.0	43.0		43.0	43.0	99.0		43.0	73.0	65.0	
Black	Dot	37	30		43.0	43.0	43.0		43.0	43.0	103.0		43.0	43.0	72.0		43.0	43.0	44.0	
Black	Dot	38	30		43.0	45.0	43.0		43.0	43.0	43.0		43.0	70.0	43.0		43.0	73.0	43.0	
Black	Dot	39	30		43.0	43.0	44.0		43.0	43.0	43.0		43.0	43.0	174.0		43.0	43.0	74.0	
Black	Dot	40	30		43.0	43.0	44.0		43.0	43.0	73.0		43.0	43.0	43.0		43.0	43.0	43.0	
Black	Dot	41	30		43.0	43.0	44.0		43.0	43.0	73.0		43.0	43.0	97.0		43.0	71.0	72.0	
Black	Dot	42	30		43.0	44.0	43.0		73.0	43.0	73.0		72.0	93.0	43.0		43.0	44.0	43.0	
Black	Dot	43	30		43.0	43.0	43.0		43.0	43.0	43.0		43.0	43.0	72.0		43.0	44.0	43.0	
Black	Dot	44	30		43.0	43.0	43.0		43.0	43.0	43.0		70.0	72.0	43.0		43.0	98.0	43.0	
Black	Dot	45	30		44.0	45.0	43.0		43.0	43.0	43.0		43.0	43.0	43.0		43.0	43.0	44.0	
Black	Dot	46	30		43.0	44.0	45.0		43.0	43.0	43.0		43.0	43.0	222.0		43.0	43.0	43.0	
Black	Dot	47	30		43.0	44.0	45.0		43.0	43.0	133.0		43.0	43.0	43.0		43.0	43.0	43.0	
Black	Dot	48	30		44.0	43.0	44.0		43.0	43.0	43.0		70.0	70.0	70.0		43.0	43.0	43.0	
Black	Dot	49	30		44.0	43.0	44.0		43.0	43.0	73.0		43.0	43.0	93.0		43.0	43.0	43.0	
Black	Dot	50	30		43.0	44.0	44.0		43.0	103.0	73.0		43.0	72.0	43.0		43.0	43.0	45.0	
Black	Dot	51	30		43.0	44.0	43.0		43.0	73.0	43.0		43.0	43.0	70.0		43.0	43.0	43.0	
Black	Dot	52	30		43.0	43.0	43.0		43.0	43.0	43.0		70.0	97.0	91.0		43.0	43.0	43.0	
Black	Dot	53	30		43.0	44.0	43.0		43.0	43.0	43.0		43.0	70.0	43.0		44.0	43.0	43.0	
Black	Dot	54	30		43.0	43.0	43.0		43.0	43.0	73.0		43.0	43.0	43.0		43.0	43.0	73.0	
Black	Dot	55	30		43.0	43.0	45.0		43.0	43.0	43.0		43.0	43.0	72.0		74.0	43.0	43.0	
Black	Dot	56	30		43.0	43.0	43.0		43.0	43.0	43.0		43.0	72.0	43.0		43.0	43.0	45.0	
Black	Dot	57	30		43.0	44.0	45.0		43.0	43.0	43.0		43.0	72.0	72.0		73.0	43.0	43.0	
Black	Dot	58	30		43.0	45.0	44.0		43.0	43.0	73.0		43.0	72.0	43.0		43.0	43.0	72.0	
Black	Dot	59	30		43.0	43.0	48.0		43.0	43.0	43.0		43.0	43.0	72.0		43.0	43.0	43.0	
Black	Dot	60	30		43.0	43.0	43.0		43.0	43.0	133.0		43.0	43.0	43.0		43.0	43.0	73.0	
Black	Dot	61	30		44.0	43.0	43.0		43.0	73.0	43.0		43.0	43.0	120.0		43.0	70.0	43.0	
Black	Dot	62	30		43.0	43.0	44.0		43.0	73.0	43.0		43.0	70.0	43.0		43.0	43.0	95.0	
Black	Dot	63	30		43.0	43.0	43.0		43.0	73.0	103.0		43.0	43.0	91.0		43.0	44.0	43.0	
Black	Dot	64	30		43.0	43.0	44.0		43.0	43.0	43.0		43.0	43.0	72.0		102.0	43.0	43.0	
Black	Dot	65	30		43.0	43.0	44.0		73.0	43.0	43.0		43.0	43.0	120.0		43.0	43.0	44.0	
Black	Dot	66	30		43.0	45.0	44.0		43.0	73.0	43.0		43.0	91.0	43.0		43.0	43.0	43.0	
Black	Dot	67	30		43.0	43.0	44.0		43.0	43.0	43.0		43.0	43.0	120.0		45.0	43.0	103.0	
Black	Dot	68	30		43.0	43.0	43.0		43.0	43.0	43.0		43.0	43.0	147.0		43.0	43.0	43.0	
Black	Dot	69	30		43.0	44.0	43.0		43.0	43.0	103.0		43.0	43.0	43.0		43.0	94.0	43.0	
Black	Dot	70	30		43.0	44.0	43.0		43.0	43.0	43.0		43.0	43.0	70.0		43.0	43.0	43.0	
Black	Dot	71	30		43.0	43.0	43.0		73.0	43.0	43.0		72.0	43.0	70.0		43.0	43.0	70.0	
Black	Dot	72	30		44.0	43.0	43.0		43.0	73.0	73.0		43.0	43.0	70.0		72.0	43.0	43.0	
Black	Dot	73	30		43.0	43.0	45.0		43.0	43.0	73.0		43.0	120.0	43.0		43.0	43.0	43.0	
Black	Dot	74	30		43.0	44.0	43.0		43.0	73.0	43.0		43.0	43.0	99.0		72.0	43.0	73.0	
Black	Dot	75	30		44.0	43.0	43.0		43.0	43.0	43.0		43.0	43.0	72.0		43.0	43.0	43.0	
Black	Dot	76	30		43.0	43.0	43.0		43.0	43.0	43.0		43.0	43.0	93.0		104.0	44.0	43.0	
Black	Dot	77	30		43.0	43.0	43.0		43.0	43.0	43.0		43.0	43.0	43.0		43.0	43.0	43.0	
Black	Dot	78	30		43.0	43.0	43.0		43.0	73.0	43.0		43.0	70.0	43.0		43.0	44.0	43.0	
Black	Dot	79	30		43.0	43.0	43.0		43.0	43.0	73.0		72.0	72.0	43.0		43.0	43.0	98.0	
Black	Dot	80	30		43.0	44.0	45.0		43.0	43.0	43.0		43.0	201.0	43.0		43.0	43.0	43.0	
Black	Dot	81	30		43.0	44.0	46.0		43.0	43.0	43.0		43.0	70.0	43.0		43.0	43.0	43.0	
Black	Dot	82	30		43.0	44.0	45.0		43.0	43.0	43.0		70.0	43.0	147.0		43.0	43.0	73.0	
Black	Dot	83	30		43.0	43.0	44.0		73.0	73.0	43.0		43.0	43.0	43.0		43.0	43.0	73.0	
Black	Dot	84	30		44.0	43.0	43.0		43.0	43.0	43.0		43.0	43.0	43.0		43.0	43.0	75.0	
Black	Dot	85	30		43.0	43.0	45.0		43.0	43.0	133.0		43.0	43.0	43.0		43.0	43.0	70.0	
Black	Dot	86	30		44.0	43.0	43.0		43.0	43.0	43.0		43.0	43.0	72.0		43.0	43.0	43.0	
Black	Dot	87	30		43.0	44.0	44.0		43.0	43.0	43.0		43.0	72.0	72.0		43.0	43.0	43.0	
Black	Dot	88	30		43.0	43.0	43.0		43.0	43.0	43.0		43.0	43.0	99.0		43.0	43.0	43.0	
Black	Dot	89	30		44.0	44.0	44.0		43.0	43.0	43.0		43.0	43.0	43.0		43.0	65.0	43.0	
Black	Dot	90	30		43.0	44.0	45.0		73.0	73.0	73.0		72.0	70.0	99.0		43.0	71.0	43.0	
Black	Dot	91	30		44.0	44.0	44.0		43.0	43.0	43.0		43.0	43.0	43.0		43.0	44.0	43.0	
Black	Dot	92	30		43.0	44.0	44.0		43.0	43.0	43.0		43.0	43.0	149.0		43.0	72.0	73.0	
Black	Dot	93	30		44.0	44.0	45.0		43.0	103.0	43.0		43.0	43.0	43.0		43.0	43.0	43.0	
Black	Dot	94	30		43.0	45.0	43.0		43.0	43.0	43.0		43.0	70.0	99.0		43.0	43.0	72.0	
Black	Dot	95	30		43.0	43.0	45.0		43.0	43.0	43.0		43.0	72.0	43.0		43.0	43.0	43.0	
Black	Dot	96	30		43.0	45.0	44.0		43.0	43.0	43.0		43.0	43.0	43.0		99.0	43.0	44.0	
Black	Dot	97	30		43.0	44.0	44.0		43.0	43.0	43.0		72.0	70.0	72.0		43.0	43.0	43.0	
Black	Dot	98	30		43.0	44.0	44.0		103.0	43.0	43.0		43.0	70.0	43.0		43.0	72.0	43.0	
Black	Dot	99	30		43.0	43.0	43.0		43.0	43.0	43.0		43.0	99.0	120.0		43.0	43.0	44.0	
Black	Dot	100	30		43.0	44.0	43.0		43.0	43.0	43.0		43.0	43.0	70.0		43.0	72.0	43.0	
Black	Dot	101	30		43.0	43.0	43.0		43.0	43.0	73.0		43.0	43.0	43.0		43.0	43.0	44.0	
Black	Dot	102	30		43.0	43.0	44.0		43.0	43.0	73.0		43.0	43.0	141.0		43.0	43.0	43.0	
Black	Dot	103	30		43.0	43.0	43.0		43.0	43.0	43.0		43.0	43.0	43.0		43.0	73.0	43.0	
Black	Dot	104	30		43.0	44.0	43.0		43.0	43.0	43.0		43.0	43.0	72.0		43.0	43.0	43.0	
Black	Dot	105	30		43.0	43.0	43.0		43.0	43.0	73.0		43.0	43.0	243.0		43.0	43.0	100.0	
Black	Dot	106	30		43.0	44.0	43.0		43.0	43.0	73.0		72.0	43.0	72.0		43.0	43.0	72.0	
Black	Dot	107	30		43.0	43.0	44.0		43.0	43.0	43.0		43.0	43.0	72.0		72.0	43.0	43.0	
Black	Dot	108	30		43.0	43.0	45.0		43.0	43.0	43.0		43.0	72.0	72.0		73.0	72.0	44.0	
Black	Dot	109	30		43.0	43.0	43.0		43.0	43.0	43.0		43.0	70.0	120.0		43.0	43.0	70.0	
Black	Dot	110	30		44.0	43.0	43.0		43.0	43.0	43.0		43.0	43.0	43.0		43.0	72.0	43.0	
Black	Dot	111	30		43.0	43.0	45.0		43.0	43.0	43.0		43.0	43.0	43.0		43.0	43.0	95.0	
Black	Dot	112	30		43.0	46.0	43.0		43.0	73.0	43.0		93.0	43.0	43.0		43.0	44.0	43.0	
Black	Dot	113	30		43.0	43.0	45.0		43.0	43.0	43.0		43.0	43.0	70.0		43.0	101.0	43.0	
Black	Dot	114	30		43.0	44.0	43.0		43.0	43.0	43.0		43.0	70.0	91.0		43.0	43.0	73.0	
Black	Dot	115	30		43.0	44.0	44.0		43.0	43.0	43.0		43.0	43.0	72.0		43.0	43.0	43.0	
Black	Dot	116	30		43.0	43.0	44.0		43.0	43.0	43.0		43.0	93.0	43.0		43.0	43.0	44.0	
Black	Dot	117	30		43.0	43.0	44.0		43.0	73.0	103.0		43.0	43.0	43.0		43.0	73.0	43.0	
Black	Dot	118	30		43.0	44.0	43.0		43.0	43.0	43.0		43.0	120.0	193.0		43.0	43.0	43.0	
Black	Dot	119	30		43.0	44.0	44.0		43.0	43.0	43.0		72.0	43.0	149.0		43.0	43.0	43.0	
Black	Dot	120	30		43.0	44.0	43.0		43.0	43.0	43.0		43.0	43.0	72.0		43.0	45.0	162.0	
Black	Dot	121	30		43.0	43.0	43.0		43.0	43.0	43.0		43.0	43.0	43.0		43.0	43.0	44.0	
Black	Dot	122	30		45.0	43.0	43.0		43.0	43.0	43.0		70.0	97.0	72.0		43.0	73.0	43.0	
Black	Dot	123	30		43.0	44.0	43.0		43.0	73.0	43.0		43.0	43.0	43.0		43.0	43.0	73.0	
Black	Dot	124	30		43.0	43.0	48.0		43.0	43.0	193.0		43.0	43.0	70.0		43.0	43.0	44.0	
Black	Dot	125	30		43.0	43.0	43.0		73.0	43.0	43.0		43.0	99.0	72.0		43.0	73.0	43.0	
Black	Dot	126	30		43.0	43.0	45.0		43.0	43.0	43.0		43.0	43.0	72.0		43.0	71.0	43.0	
Black	Dot	127	30		43.0	43.0	44.0		43.0	43.0	43.0		43.0	189.0	147.0		43.0	73.0	43.0	
Black	Dot	128	30		45.0	43.0	45.0		43.0	43.0	43.0		72.0	43.0	70.0		44.0	75.0	46.0	
Black	Dot	129	30		44.0	43.0	43.0		43.0	43.0	43.0		43.0	70.0	70.0		43.0	44.0	43.0	
Black	Dot	130	30		43.0	43.0	45.0		73.0	43.0	43.0		93.0	72.0	43.0		43.0	43.0	72.0	
Black	Dot	131	30		43.0	43.0	44.0		73.0	43.0	43.0		43.0	43.0	70.0		43.0	43.0	43.0	
Black	Dot	132	30		43.0	43.0	43.0		43.0	43.0	43.0		99.0	43.0	93.0		73.0	43.0	92.0	
Black	Dot	133	30		43.0	44.0	44.0		43.0	73.0	43.0		43.0	43.0	43.0		43.0	43.0	43.0	
Black	Dot	134	30		43.0	44.0	43.0		43.0	73.0	43.0		43.0	43.0	43.0		43.0	43.0	43.0	
Black	Dot	135	30		45.0	43.0	44.0		43.0	43.0	43.0		43.0	43.0	120.0		43.0	71.0	43.0	
Black	Dot	136	30		43.0	43.0	45.0		43.0	43.0	43.0		43.0	43.0	93.0		44.0	43.0	73.0	
Black	Dot	137	30		43.0	43.0	44.0		43.0	43.0	43.0		43.0	70.0	43.0		43.0	43.0	73.0	
Black	Dot	138	30		44.0	43.0	43.0		43.0	43.0	133.0		43.0	43.0	43.0		43.0	43.0	67.0	
Black	Dot	139	30		43.0	43.0	43.0		43.0	43.0	43.0		43.0	43.0	43.0		43.0	43.0	73.0	
Black	Dot	140	30		43.0	43.0	43.0		43.0	43.0	43.0		43.0	70.0	72.0		43.0	43.0	43.0	
Black	Dot	141	30		43.0	43.0	43.0		43.0	43.0	103.0		43.0	43.0	70.0		43.0	94.0	44.0	
Black	Dot	142	30		43.0	44.0	44.0		43.0	43.0	73.0		43.0	43.0	43.0		43.0	43.0	43.0	
Black	Dot	143	30		43.0	43.0	43.0		43.0	73.0	43.0		43.0	43.0	43.0		43.0	43.0	65.0	
Black	Dot	144	30		43.0	44.0	44.0		43.0	43.0	43.0		70.0	70.0	126.0		43.0	121.0	43.0	
Black	Dot	145	30		43.0	43.0	44.0		43.0	43.0	43.0		70.0	43.0	72.0		43.0	43.0	72.0	
Black	Dot	146	30		43.0	45.0	44.0		43.0	43.0	43.0		43.0	43.0	72.0		43.0	73.0	73.0	
Black	Dot	147	30		43.0	43.0	43.0		43.0	43.0	43.0		43.0	43.0	72.0		43.0	43.0	44.0	
Black	Dot	148	30		43.0	43.0	43.0		43.0	43.0	43.0		70.0	43.0	70.0		43.0	43.0	43.0	
Black	Dot	149	30		43.0	44.0	43.0		43.0	43.0	73.0		43.0	43.0	72.0		43.0	43.0	43.0	
Black	Dot	150	30		44.0	43.0	43.0		43.0	43.0	43.0		43.0	43.0	43.0		43.0	70.0	72.0	
Black	Dot	151	30		43.0	43.0	43.0		43.0	43.0	43.0		43.0	43.0	99.0		43.0	43.0	43.0	
Black	Dot	152	30		43.0	43.0	44.0		73.0	43.0	133.0		43.0	43.0	43.0		43.0	43.0	43.0	
Black	Dot	153	30		44.0	44.0	43.0		43.0	43.0	43.0		43.0	93.0	72.0		44.0	43.0	43.0	
Black	Dot	154	30		43.0	43.0	43.0		43.0	43.0	43.0		43.0	43.0	43.0		43.0	43.0	73.0	
Black	Dot	155	30		43.0	43.0	43.0		43.0	43.0	43.0		43.0	43.0	43.0		43.0	95.0	102.0	
Black	Dot	156	30		43.0	43.0	43.0		43.0	43.0	133.0		43.0	43.0	43.0		43.0	44.0	43.0	
Black	Dot	157	30		44.0	43.0	43.0		43.0	73.0	43.0		43.0	43.0	43.0		43.0	43.0	100.0	
Black	Dot	158	30		43.0	43.0	43.0		43.0	73.0	43.0		72.0	43.0	118.0		43.0	44.0	43.0	
Black	Dot	159	30		43.0	44.0	45.0		43.0	43.0	163.0		70.0	43.0	43.0		43.0	43.0	75.0	
Black	Dot	160	30		43.0	43.0	43.0		43.0	43.0	43.0		43.0	43.0	91.0		43.0	43.0	73.0	
Black	Dot	161	30		43.0	45.0	43.0		43.0	43.0	43.0		70.0	70.0	43.0		43.0	72.0	71.0	
Black	Dot	162	30		43.0	44.0	44.0		43.0	43.0	73.0		43.0	120.0	43.0		99.0	43.0	43.0	
Black	Dot	163	30		44.0	43.0	43.0		43.0	43.0	73.0		43.0	70.0	97.0		70.0	43.0	43.0	
Black	Dot	164	30		43.0	44.0	49.0		43.0	43.0	43.0		43.0	43.0	43.0		43.0	43.0	43.0	
Black	Dot	165	30		43.0	43.0	44.0		73.0	43.0	43.0		43.0	43.0	43.0		43.0	43.0	103.0	
Black	Dot	166	30		43.0	43.0	45.0		43.0	43.0	193.0		43.0	43.0	43.0		43.0	123.0	72.0	
Black	Dot	167	30		43.0	43.0	45.0		43.0	43.0	43.0		43.0	43.0	70.0		43.0	43.0	43.0	
Black	Dot	168	30		44.0	43.0	43.0		43.0	43.0	103.0		43.0	43.0	43.0		72.0	43.0	71.0	
Black	Dot	169	30		44.0	43.0	44.0		43.0	73.0	43.0		43.0	43.0	70.0		44.0	94.0	74.0	
Black	Dot	170	30		43.0	43.0	43.0		73.0	43.0	43.0		43.0	43.0	43.0		43.0	91.0	99.0	
Black	Dot	171	30		43.0	43.0	43.0		43.0	43.0	103.0		43.0	168.0	93.0		43.0	43.0	43.0	
Black	Dot	172	30		43.0	45.0	43.0		43.0	73.0	43.0		43.0	43.0	43.0		43.0	43.0	43.0	
Black	Dot	173	30		43.0	44.0	43.0		43.0	43.0	43.0		43.0	43.0	149.0		70.0	43.0	43.0	
Black	Dot	174	30		43.0	45.0	44.0		43.0	73.0	43.0		43.0	43.0	43.0		43.0	43.0	43.0	
Black	Dot	175	30		43.0	43.0	43.0		43.0	43.0	43.0		43.0	43.0	120.0		73.0	43.0	43.0	
Black	Dot	176	30		44.0	44.0	45.0		43.0	43.0	43.0		43.0	43.0	43.0		43.0	73.0	43.0	
Black	Dot	177	30		43.0	43.0	44.0		43.0	43.0	43.0		43.0	43.0	43.0		44.0	72.0	43.0	
Black	Dot	178	30		43.0	43.0	44.0		43.0	43.0	43.0		91.0	72.0	72.0		43.0	73.0	43.0	
Black	Dot	179	30		43.0	43.0	43.0		43.0	43.0	73.0		43.0	43.0	43.0		43.0	43.0	70.0	
Black	Dot	180	30		44.0	44.0	44.0		43.0	43.0	73.0		43.0	43.0	72.0		43.0	43.0	68.0	
Black	Dot	181	30		43.0	43.0	44.0		43.0	43.0	43.0		72.0	43.0	43.0		43.0	44.0	73.0	
Black	Dot	182	30		43.0	44.0	44.0		43.0	43.0	73.0		43.0	43.0	70.0		70.0	43.0	43.0	
Black	Dot	183	30		43.0	43.0	43.0		43.0	73.0	43.0		43.0	43.0	122.0		43.0	43.0	44.0	
Black	Dot	184	30		43.0	43.0	43.0		43.0	43.0	163.0		72.0	43.0	43.0		43.0	43.0	43.0	
Black	Dot	185	30		43.0	43.0	43.0		43.0	43.0	133.0		43.0	70.0	72.0		43.0	43.0	43.0	
Black	Dot	186	30		43.0	43.0	43.0		133.0	43.0	73.0		147.0	43.0	93.0		43.0	43.0	43.0	
Black	Dot	187	30		43.0	44.0	43.0		43.0	73.0	73.0		72.0	43.0	43.0		43.0	71.0	77.0	
Black	Dot	188	30		44.0	44.0	45.0		43.0	43.0	43.0		43.0	43.0	43.0		43.0	43.0	98.0	
Black	Dot	189	30		43.0	43.0	45.0		43.0	43.0	73.0		43.0	43.0	43.0		43.0	124.0	43.0	
Black	Dot	190	30		44.0	43.0	43.0		43.0	73.0	73.0		43.0	99.0	70.0		44.0	70.0	43.0	
Black	Dot	191	30		43.0	46.0	44.0		43.0	43.0	43.0		93.0	43.0	72.0		43.0	43.0	43.0	
Black	Dot	192	30		43.0	44.0	45.0		43.0	43.0	103.0		43.0	43.0	72.0		43.0	74.0	43.0	
Black	Dot	193	30		43.0	43.0	44.0		43.0	43.0	43.0		43.0	70.0	70.0		43.0	43.0	43.0	
Black	Dot	194	30		43.0	43.0	44.0		43.0	43.0	43.0		43.0	43.0	43.0		43.0	43.0	74.0	
Black	Dot	195	30		43.0	43.0	45.0		43.0	43.0	43.0		43.0	72.0	97.0		44.0	72.0	43.0	
Black	Dot	196	30		44.0	43.0	45.0		43.0	73.0	133.0		43.0	99.0	43.0		43.0	93.0	72.0	
Black	Dot	197	30		44.0	44.0	45.0		73.0	43.0	43.0		43.0	72.0	43.0		72.0	73.0	99.0	
Black	Dot	198	30		43.0	44.0	44.0		43.0	43.0	43.0		43.0	72.0	93.0		43.0	43.0	74.0	
Black	Dot	199	30		43.0	43.0	44.0		43.0	43.0	103.0		43.0	43.0	120.0		44.0	43.0	43.0	
Black	Dot	200	30		43.0	43.0	43.0		43.0	43.0	133.0		43.0	43.0	43.0		73.0	43.0	43.0	
Black	Dot	201	30		43.0	44.0	43.0		43.0	43.0	73.0		72.0	72.0	147.0		43.0	43.0	43.0	
Black	Dot	202	30		43.0	43.0	44.0		43.0	43.0	43.0		43.0	43.0	43.0		44.0	73.0	43.0	
Black	Dot	203	30		43.0	43.0	43.0		43.0	43.0	43.0		43.0	93.0	149.0		43.0	43.0	74.0	
Black	Dot	204	30		43.0	43.0	43.0		73.0	43.0	43.0		72.0	43.0	43.0		43.0	43.0	73.0	
Black	Dot	205	30		43.0	43.0	44.0		43.0	43.0	43.0		43.0	43.0	43.0		43.0	70.0	43.0	
Black	Dot	206	30		43.0	43.0	43.0		43.0	43.0	43.0		70.0	43.0	43.0		43.0	70.0	43.0	
Black	Dot	207	30		43.0	43.0	44.0		43.0	43.0	43.0		43.0	43.0	72.0		43.0	94.0	43.0	
Black	Dot	208	30		43.0	43.0	43.0		43.0	73.0	43.0		43.0	43.0	70.0		43.0	43.0	44.0	
Black	Dot	209	30		43.0	44.0	45.0		43.0	43.0	43.0		70.0	72.0	72.0		43.0	43.0	71.0	
Black	Dot	210	30		43.0	43.0	46.0		43.0	103.0	43.0		72.0	72.0	43.0		102.0	43.0	45.0	
Black	Dot	211	30		43.0	43.0	43.0		73.0	73.0	43.0		43.0	43.0	43.0		43.0	43.0	43.0	
Black	Dot	212	30		44.0	43.0	43.0		43.0	43.0	43.0		43.0	43.0	70.0		43.0	73.0	43.0	
Black	Dot	213	30		43.0	43.0	44.0		43.0	43.0	43.0		43.0	43.0	43.0		43.0	43.0	43.0	
Black	Dot	214	30		43.0	43.0	43.0		73.0	43.0	103.0		43.0	93.0	147.0		43.0	43.0	43.0	
Black	Dot	215	30		43.0	44.0	43.0		43.0	43.0	43.0		43.0	43.0	43.0		44.0	43.0	73.0	
Black	Dot	216	30		43.0	43.0	46.0		43.0	73.0	43.0		72.0	43.0	43.0		43.0	43.0	43.0	
Black	Dot	217	30		43.0	43.0	44.0		43.0	43.0	103.0		43.0	43.0	91.0		43.0	43.0	43.0	
Black	Dot	218	30		43.0	43.0	45.0		43.0	43.0	103.0		93.0	93.0	43.0		72.0	43.0	44.0	
Black	Dot	219	30		43.0	44.0	43.0		43.0	43.0	133.0		120.0	72.0	43.0		70.0	70.0	43.0	
Black	Dot	220	30		43.0	43.0	43.0		43.0	73.0	43.0		43.0	99.0	70.0		43.0	70.0	74.0	
Black	Dot	221	30		43.0	43.0	44.0		43.0	43.0	43.0		43.0	147.0	122.0		73.0	43.0	43.0	
Black	Dot	222	30		43.0	46.0	44.0		43.0	43.0	43.0		43.0	72.0	43.0		43.0	43.0	43.0	
Black	Dot	223	30		44.0	44.0	43.0		43.0	73.0	43.0		43.0	43.0	97.0		43.0	43.0	45.0	
Black	Dot	224	30		43.0	46.0	46.0		43.0	43.0	43.0		43.0	43.0	118.0		43.0	43.0	44.0	
Black	Dot	225	30		43.0	43.0	45.0		43.0	43.0	103.0		43.0	43.0	43.0		43.0	43.0	72.0	
Black	Dot	226	30		43.0	43.0	43.0		43.0	43.0	73.0		43.0	43.0	43.0		43.0	43.0	71.0	
Black	Dot	227	30		43.0	43.0	44.0		73.0	43.0	43.0		43.0	43.0	43.0		43.0	43.0	73.0	
Black	Dot	228	30		43.0	43.0	43.0		43.0	43.0	73.0		43.0	43.0	43.0		43.0	43.0	44.0	
Black	Dot	229	30		43.0	43.0	43.0		43.0	43.0	43.0		43.0	43.0	151.0		43.0	43.0	43.0	
Black	Dot	230	30		43.0	43.0	43.0		43.0	73.0	73.0		70.0	43.0	43.0		43.0	43.0	43.0	
Black	Dot	231	30		44.0	43.0	43.0		43.0	43.0	43.0		43.0	43.0	43.0		43.0	43.0	43.0	
Black	Dot	232	30		43.0	43.0	43.0		43.0	43.0	73.0		43.0	43.0	91.0		43.0	43.0	74.0	
Black	Dot	233	30		43.0	43.0	43.0		73.0	73.0	43.0		43.0	43.0	72.0		43.0	44.0	71.0	
Black	Dot	234	30		43.0	43.0	43.0		43.0	43.0	103.0		43.0	120.0	93.0		43.0	72.0	43.0	
Black	Dot	235	30		44.0	44.0	44.0		43.0	43.0	43.0		43.0	43.0	253.0		43.0	43.0	43.0	
Black	Dot	236	30		43.0	43.0	43.0		73.0	73.0	103.0		43.0	153.0	43.0		43.0	43.0	43.0	
Black	Dot	237	30		43.0	46.0	44.0		43.0	43.0	43.0		72.0	43.0	72.0		43.0	71.0	43.0	
Black	Dot	238	30		43.0	43.0	44.0		43.0	43.0	43.0		43.0	43.0	43.0		43.0	43.0	43.0	
Black	Dot	239	30		43.0	44.0	44.0		43.0	43.0	43.0		43.0	43.0	43.0		43.0	43.0	43.0	
Black	Dot	240	30		43.0	43.0	44.0		43.0	73.0	43.0		43.0	72.0	70.0		43.0	43.0	44.0	
Black	Dot	241	30		44.0	43.0	43.0		73.0	73.0	43.0		43.0	43.0	70.0		43.0	43.0	43.0	
Black	Dot	242	30		43.0	43.0	43.0		73.0	73.0	43.0		43.0	43.0	43.0		43.0	43.0	43.0	
Black	Dot	243	30		43.0	43.0	44.0		43.0	43.0	43.0		43.0	43.0	72.0		70.0	43.0	43.0	
Black	Dot	244	30		43.0	44.0	45.0		43.0	43.0	43.0		43.0	43.0	120.0		43.0	43.0	70.0	
Black	Dot	245	30		43.0	45.0	46.0		43.0	73.0	73.0		43.0	43.0	70.0		43.0	43.0	43.0	
Black	Dot	246	30		43.0	43.0	45.0		43.0	43.0	73.0		72.0	72.0	93.0		43.0	43.0	43.0	
Black	Dot	247	30		44.0	44.0	43.0		73.0	43.0	43.0		72.0	99.0	120.0		43.0	43.0	43.0	
Black	Dot	248	30		44.0	43.0	43.0		43.0	43.0	73.0		99.0	99.0	43.0		73.0	43.0	71.0	
Black	Dot	249	30		43.0	43.0	44.0		43.0	43.0	43.0		43.0	43.0	72.0		43.0	44.0	93.0	
Black	Dot	250	30		43.0	43.0	45.0		43.0	73.0	73.0		43.0	43.0	97.0		43.0	44.0	71.0	
Black	Dot	251	30		43.0	44.0	43.0		73.0	43.0	73.0		43.0	43.0	43.0		43.0	43.0	44.0	
Black	Dot	252	30		43.0	44.0	44.0		43.0	43.0	43.0		70.0	43.0	147.0		43.0	43.0	103.0	
Black	Dot	253	30		44.0	43.0	45.0		43.0	43.0	43.0		43.0	43.0	43.0		70.0	43.0	43.0	
Black	Dot	254	30		44.0	43.0	44.0		43.0	43.0	43.0		70.0	43.0	43.0		43.0	43.0	43.0	
Black	Dot	255	30		43.0	43.0	43.0		43.0	43.0	43.0		43.0	43.0	195.0		43.0	43.0	43.0	
Black	Dot	256	30		43.0	44.0	43.0		43.0	43.0	43.0		43.0	43.0	43.0		70.0	72.0	43.0	
Black	Dot	257	30		43.0	43.0	43.0		43.0	43.0	43.0		43.0	43.0	43.0		67.0	43.0	43.0	
Black	Dot	258	30		43.0	45.0	46.0		43.0	73.0	43.0		43.0	43.0	43.0		43.0	43.0	74.0	
Black	Dot	259	30		43.0	43.0	44.0		43.0	43.0	43.0		43.0	43.0	43.0		44.0	43.0	43.0	
Black	Dot	260	30		43.0	43.0	44.0		43.0	43.0	73.0		43.0	43.0	43.0		43.0	43.0	44.0	
Black	Dot	261	30		43.0	43.0	43.0		43.0	43.0	43.0		43.0	43.0	43.0		43.0	43.0	44.0	
Black	Dot	262	30		43.0	43.0	43.0		43.0	43.0	43.0		72.0	43.0	43.0		43.0	72.0	74.0	
Black	Dot	263	30		43.0	44.0	44.0		43.0	43.0	73.0		43.0	43.0	72.0		43.0	43.0	43.0	
Black	Dot	264	30		43.0	43.0	45.0		43.0	43.0	43.0		70.0	70.0	72.0		43.0	43.0	43.0	
Black	Dot	265	30		43.0	43.0	44.0		103.0	43.0	43.0		43.0	43.0	97.0		43.0	44.0	43.0	
Black	Dot	266	30		44.0	43.0	43.0		43.0	73.0	43.0		43.0	43.0	43.0		43.0	43.0	43.0	
Black	Dot	267	30		44.0	44.0	44.0		43.0	43.0	43.0		43.0	118.0	70.0		43.0	43.0	43.0	
Black	Dot	268	30		43.0	43.0	44.0		43.0	43.0	43.0		43.0	43.0	70.0		43.0	43.0	43.0	
Black	Dot	269	30		43.0	47.0	43.0		43.0	43.0	43.0		43.0	43.0	43.0		43.0	43.0	43.0	
Black	Dot	270	30		43.0	43.0	44.0		73.0	73.0	73.0		43.0	43.0	91.0		43.0	43.0	101.0	
Black	Dot	271	30		43.0	44.0	43.0		43.0	43.0	43.0		43.0	43.0	72.0		43.0	73.0	43.0	
Black	Dot	272	30		43.0	43.0	44.0		43.0	43.0	43.0		43.0	43.0	91.0		43.0	43.0	72.0	
Black	Dot	273	30		43.0	43.0	43.0		43.0	43.0	43.0		43.0	43.0	91.0		43.0	43.0	43.0	
Black	Dot	274	30		44.0	43.0	44.0		43.0	103.0	43.0		43.0	70.0	70.0		43.0	43.0	43.0	
Black	Dot	275	30		44.0	43.0	45.0		43.0	73.0	43.0		43.0	70.0	43.0		73.0	43.0	132.0	
Black	Dot	276	30		43.0	43.0	43.0		43.0	73.0	43.0		43.0	43.0	120.0		43.0	43.0	43.0	
Black	Dot	277	30		43.0	44.0	46.0		43.0	43.0	73.0		43.0	43.0	72.0		43.0	43.0	44.0	
Black	Dot	278	30		43.0	43.0	45.0		43.0	43.0	43.0		43.0	43.0	72.0		70.0	43.0	43.0	
Black	Dot	279	30		43.0	43.0	43.0		43.0	43.0	43.0		93.0	70.0	72.0		43.0	44.0	100.0	
Black	Dot	280	30		43.0	43.0	43.0		43.0	73.0	43.0		43.0	43.0	43.0		43.0	44.0	43.0	
Black	Dot	281	30		44.0	43.0	45.0		43.0	73.0	133.0		43.0	43.0	70.0		70.0	72.0	73.0	
Black	Dot	282	30		43.0	43.0	46.0		43.0	43.0	43.0		43.0	91.0	43.0		43.0	43.0	43.0	
Black	Dot	283	30		43.0	43.0	44.0		43.0	73.0	43.0		43.0	70.0	43.0		43.0	70.0	43.0	
Black	Dot	284	30		43.0	43.0	43.0		43.0	43.0	43.0		43.0	72.0	72.0		43.0	43.0	43.0	
Black	Dot	285	30		43.0	43.0	45.0		43.0	43.0	43.0		43.0	43.0	43.0		70.0	43.0	43.0	
Black	Dot	286	30		44.0	43.0	43.0		73.0	43.0	73.0		43.0	70.0	72.0		43.0	43.0	43.0	
Black	Dot	287	30		43.0	43.0	43.0		43.0	43.0	43.0		43.0	43.0	176.0		44.0	43.0	43.0	
Black	Dot	288	30		43.0	43.0	43.0		43.0	43.0	43.0		43.0	70.0	43.0		43.0	43.0	71.0	
Black	Dot	289	30		44.0	43.0	43.0		43.0	43.0	43.0		43.0	43.0	72.0		43.0	70.0	44.0	
Black	Dot	290	30		43.0	44.0	43.0		43.0	43.0	103.0		43.0	72.0	43.0		43.0	43.0	43.0	
Black	Dot	291	30		43.0	43.0	43.0		43.0	43.0	43.0		43.0	97.0	149.0		44.0	43.0	43.0	
Black	Dot	292	30		43.0	44.0	44.0		43.0	43.0	103.0		43.0	43.0	43.0		43.0	43.0	43.0	
Black	Dot	293	30		43.0	45.0	44.0		43.0	43.0	43.0		43.0	43.0	43.0		43.0	43.0	43.0	
Black	Dot	294	30		43.0	44.0	43.0		73.0	43.0	43.0		43.0	91.0	120.0		43.0	43.0	43.0	
Black	Dot	295	30		43.0	44.0	43.0		43.0	73.0	43.0		43.0	99.0	122.0		43.0	44.0	72.0	
Black	Dot	296	30		43.0	43.0	43.0		73.0	43.0	43.0		43.0	72.0	43.0		43.0	44.0	43.0	
Black	Dot	297	30		44.0	44.0	45.0		43.0	43.0	43.0		70.0	43.0	43.0		43.0	43.0	44.0	
Black	Dot	298	30		43.0	43.0	45.0		43.0	43.0	43.0		43.0	43.0	43.0		43.0	72.0	43.0	
Black	Dot	299	30		44.0	43.0	43.0		43.0	103.0	103.0		43.0	72.0	70.0		43.0	44.0	91.0	
Black	Dot	300	30		43.0	43.0	45.0		43.0	43.0	73.0		43.0	70.0	43.0		44.0	72.0	43.0	
Black	Dot	301	30		43.0	43.0	46.0		43.0	43.0	43.0		43.0	120.0	43.0		43.0	43.0	43.0	
Black	Dot	302	30		43.0	43.0	43.0		43.0	73.0	43.0		72.0	43.0	93.0		70.0	43.0	71.0	
Black	Dot	303	30		43.0	47.0	43.0		43.0	43.0	73.0		93.0	70.0	43.0		43.0	71.0	73.0	
Black	Dot	304	30		43.0	43.0	43.0		43.0	43.0	73.0		43.0	43.0	43.0		73.0	44.0	43.0	
Black	Dot	305	30		43.0	43.0	45.0		43.0	43.0	43.0		93.0	43.0	72.0		43.0	44.0	43.0	
Black	Dot	306	30		43.0	43.0	43.0		43.0	43.0	73.0		43.0	43.0	70.0		43.0	43.0	43.0	
Black	Dot	307	30		45.0	43.0	46.0		43.0	43.0	43.0		43.0	120.0	72.0		43.0	43.0	94.0	
Black	Dot	308	30		43.0	43.0	45.0		43.0	43.0	43.0		43.0	43.0	43.0		43.0	43.0	43.0	
Black	Dot	309	30		43.0	43.0	43.0		43.0	43.0	103.0		43.0	43.0	143.0		70.0	43.0	43.0	
Black	Dot	310	30		44.0	43.0	44.0		43.0	43.0	43.0		43.0	43.0	141.0		43.0	43.0	44.0	
Black	Dot	311	30		43.0	45.0	43.0		43.0	43.0	43.0		43.0	72.0	43.0		43.0	43.0	43.0	
Black	Dot	312	30		43.0	43.0	46.0		43.0	43.0	43.0		43.0	97.0	43.0		43.0	43.0	43.0	
Black	Dot	313	30		43.0	44.0	43.0		43.0	43.0	43.0		43.0	43.0	118.0		43.0	43.0	73.0	
Black	Dot	314	30		43.0	43.0	43.0		43.0	43.0	73.0		43.0	43.0	126.0		43.0	43.0	43.0	
Black	Dot	315	30		43.0	44.0	43.0		43.0	43.0	43.0		43.0	43.0	43.0		43.0	43.0	43.0	
Black	Dot	316	30		43.0	43.0	43.0		43.0	43.0	43.0		43.0	43.0	43.0		43.0	43.0	43.0	
Black	Dot	317	30		43.0	43.0	44.0		73.0	43.0	103.0		43.0	72.0	70.0		43.0	43.0	72.0	
Black	Dot	318	30		43.0	46.0	43.0		43.0	43.0	43.0		43.0	72.0	43.0		43.0	43.0	44.0	
Black	Dot	319	30		44.0	44.0	44.0		43.0	43.0	73.0		43.0	72.0	72.0		43.0	43.0	43.0	
Black	Dot	320	30		43.0	44.0	43.0		43.0	43.0	43.0		43.0	72.0	72.0		43.0	43.0	43.0	
Black	Dot	321	30		43.0	43.0	43.0		43.0	43.0	103.0		43.0	72.0	43.0		43.0	43.0	43.0	
Black	Dot	322	30		43.0	44.0	43.0		43.0	43.0	43.0		70.0	43.0	72.0		43.0	43.0	70.0	
Black	Dot	323	30		43.0	43.0	45.0		43.0	43.0	133.0		43.0	43.0	70.0		43.0	43.0	43.0	
Black	Dot	324	30		43.0	43.0	45.0		43.0	43.0	43.0		43.0	43.0	97.0		43.0	43.0	43.0	
Black	Dot	325	30		43.0	43.0	43.0		43.0	43.0	43.0		43.0	43.0	70.0		44.0	43.0	103.0	
Black	Dot	326	30		43.0	44.0	43.0		43.0	43.0	43.0		43.0	43.0	122.0		44.0	43.0	45.0	
Black	Dot	327	30		43.0	45.0	43.0		43.0	43.0	73.0		43.0	43.0	70.0		43.0	43.0	44.0	
Black	Dot	328	30		44.0	43.0	43.0		43.0	43.0	73.0		43.0	43.0	70.0		43.0	73.0	43.0	
Black	Dot	329	30		44.0	43.0	43.0		43.0	73.0	43.0		72.0	43.0	72.0		43.0	73.0	43.0	
Black	Dot	330	30		43.0	43.0	44.0		43.0	73.0	43.0		43.0	43.0	43.0		43.0	74.0	43.0	
Black	Dot	331	30		43.0	43.0	45.0		43.0	43.0	73.0		43.0	43.0	43.0		43.0	73.0	96.0	
Black	Dot	332	30		43.0	43.0	44.0		103.0	43.0	43.0		43.0	70.0	43.0		43.0	43.0	43.0	
Black	Dot	333	30		43.0	43.0	44.0		43.0	43.0	73.0		43.0	72.0	70.0		43.0	43.0	43.0	
Black	Dot	334	30		43.0	43.0	43.0		43.0	43.0	43.0		43.0	43.0	43.0		43.0	43.0	44.0	
Black	Dot	335	30		43.0	43.0	44.0		43.0	73.0	43.0		43.0	43.0	70.0		44.0	43.0	70.0	
Black	Dot	336	30		43.0	44.0	44.0		43.0	43.0	43.0		43.0	43.0	43.0		43.0	43.0	43.0	
Black	Dot	337	30		43.0	43.0	43.0		43.0	43.0	43.0		93.0	43.0	43.0		43.0	102.0	43.0	
Black	Dot	338	30		43.0	43.0	43.0		43.0	43.0	73.0		43.0	72.0	43.0		43.0	43.0	43.0	
Black	Dot	339	30		43.0	43.0	45.0		73.0	43.0	73.0		43.0	72.0	43.0		43.0	43.0	120.0	
Black	Dot	340	30		44.0	43.0	43.0		43.0	43.0	43.0		70.0	72.0	70.0		43.0	43.0	43.0	
Black	Dot	341	30		43.0	44.0	43.0		73.0	103.0	43.0		43.0	43.0	70.0		43.0	70.0	72.0	
Black	Dot	342	30		46.0	44.0	43.0		43.0	43.0	73.0		43.0	43.0	72.0		43.0	43.0	129.0	
Black	Dot	343	30		43.0	43.0	46.0		43.0	43.0	103.0		43.0	70.0	43.0		43.0	43.0	74.0	
Black	Dot	344	30		43.0	43.0	43.0		43.0	43.0	43.0		43.0	70.0	43.0		43.0	43.0	44.0	
Black	Dot	345	30		44.0	43.0	44.0		43.0	43.0	43.0		43.0	43.0	99.0		43.0	43.0	74.0	
Black	Dot	346	30		44.0	43.0	43.0		43.0	43.0	43.0		43.0	43.0	176.0		73.0	43.0	43.0	
Black	Dot	347	30		43.0	43.0	43.0		43.0	43.0	43.0		43.0	43.0	72.0		72.0	43.0	43.0	
Black	Dot	348	30		43.0	43.0	43.0		43.0	43.0	73.0		43.0	97.0	70.0		72.0	43.0	43.0	
Black	Dot	349	30		43.0	43.0	44.0		43.0	43.0	43.0		43.0	43.0	43.0		43.0	43.0	71.0	
Black	Dot	350	30		44.0	46.0	47.0		43.0	73.0	43.0		43.0	43.0	70.0		43.0	72.0	43.0	
Black	Dot	351	30		43.0	43.0	45.0		43.0	73.0	73.0		43.0	43.0	43.0		43.0	43.0	43.0	
Black	Dot	352	30		43.0	43.0	43.0		73.0	43.0	43.0		43.0	43.0	70.0		43.0	43.0	43.0	
Black	Dot	353	30		43.0	43.0	46.0		43.0	43.0	43.0		43.0	43.0	43.0		43.0	43.0	43.0	
Black	Dot	354	30		43.0	44.0	45.0		43.0	73.0	43.0		43.0	72.0	43.0		43.0	43.0	43.0	
Black	Dot	355	30		43.0	43.0	45.0		43.0	43.0	43.0		43.0	72.0	93.0		43.0	70.0	43.0	
Black	Dot	356	30		43.0	44.0	43.0		43.0	43.0	43.0		43.0	43.0	43.0		43.0	43.0	43.0	
Black	Dot	357	30		43.0	43.0	45.0		43.0	43.0	43.0		43.0	43.0	72.0		43.0	43.0	43.0	
Black	Dot	358	30		43.0	43.0	44.0		43.0	43.0	43.0		70.0	72.0	43.0		43.0	43.0	44.0	
Black	Dot	359	30		43.0	43.0	44.0		43.0	43.0	43.0		43.0	43.0	120.0		43.0	73.0	43.0	
Black	Dot	360	30		44.0	44.0	43.0		43.0	73.0	73.0		70.0	43.0	72.0		43.0	43.0	43.0	
Black	Dot	361	30		43.0	43.0	43.0		43.0	43.0	43.0		43.0	43.0	70.0		43.0	43.0	43.0	
Black	Dot	362	30		44.0	43.0	45.0		73.0	43.0	43.0		43.0	43.0	43.0		43.0	43.0	43.0	
Black	Dot	363	30		44.0	44.0	43.0		43.0	43.0	43.0		43.0	43.0	43.0		43.0	43.0	73.0	
Black	Dot	364	30		43.0	44.0	44.0		43.0	73.0	103.0		43.0	43.0	43.0		43.0	43.0	43.0	
Black	Dot	365	30		43.0	43.0	43.0		43.0	103.0	43.0		43.0	43.0	72.0		43.0	43.0	73.0	
Black	Dot	366	30		43.0	44.0	43.0		43.0	43.0	43.0		43.0	72.0	118.0		43.0	72.0	72.0	
Black	Dot	367	30		43.0	43.0	43.0		43.0	73.0	73.0		43.0	43.0	43.0		70.0	43.0	43.0	
Black	Dot	368	30		43.0	43.0	43.0		43.0	43.0	43.0		43.0	43.0	97.0		43.0	43.0	43.0	
Black	Dot	369	30		43.0	44.0	44.0		43.0	43.0	43.0		43.0	70.0	70.0		43.0	43.0	43.0	
Black	Dot	370	30		43.0	44.0	43.0		43.0	43.0	103.0		72.0	72.0	43.0		43.0	43.0	43.0	
Black	Dot	371	30		45.0	43.0	44.0		43.0	43.0	73.0		93.0	43.0	43.0		44.0	43.0	43.0	
Black	Dot	372	30		43.0	45.0	43.0		43.0	43.0	43.0		43.0	97.0	43.0		43.0	120.0	43.0	
Black	Dot	373	30		43.0	43.0	45.0		43.0	43.0	103.0		120.0	93.0	72.0		43.0	43.0	43.0	
Black	Dot	374	30		44.0	43.0	46.0		43.0	43.0	73.0		43.0	70.0	99.0		44.0	43.0	73.0	
Black	Dot	375	30		43.0	43.0	49.0		43.0	43.0	103.0		93.0	70.0	218.0		43.0	43.0	43.0	
Black	Dot	376	30		43.0	43.0	45.0		43.0	43.0	43.0		43.0	70.0	72.0		43.0	43.0	43.0	
Black	Dot	377	30		43.0	44.0	43.0		43.0	43.0	43.0		43.0	91.0	43.0		43.0	43.0	43.0	
Black	Dot	378	30		43.0	43.0	45.0		43.0	43.0	43.0		43.0	43.0	43.0		43.0	44.0	43.0	
Black	Dot	379	30		43.0	45.0	45.0		43.0	43.0	43.0		70.0	43.0	43.0		44.0	43.0	43.0	
Black	Dot	380	30		44.0	43.0	44.0		73.0	73.0	43.0		43.0	72.0	122.0		43.0	43.0	72.0	
Black	Dot	381	30		43.0	43.0	45.0		43.0	43.0	43.0		43.0	70.0	91.0		43.0	44.0	43.0	
Black	Dot	382	30		43.0	43.0	43.0		43.0	43.0	43.0		43.0	70.0	72.0		43.0	43.0	43.0	
Black	Dot	383	30		44.0	43.0	44.0		73.0	43.0	43.0		43.0	43.0	43.0		43.0	43.0	43.0	
Black	Dot	384	30		43.0	44.0	43.0		43.0	43.0	73.0		43.0	72.0	99.0		43.0	43.0	43.0	
Black	Dot	385	30		45.0	43.0	44.0		43.0	43.0	43.0		72.0	93.0	43.0		43.0	44.0	44.0	
Black	Dot	386	30		43.0	43.0	45.0		43.0	103.0	43.0		43.0	43.0	168.0		43.0	100.0	43.0	
Black	Dot	387	30		43.0	43.0	43.0		43.0	43.0	73.0		70.0	70.0	99.0		43.0	43.0	45.0	
Black	Dot	388	30		43.0	44.0	43.0		43.0	43.0	43.0		72.0	72.0	70.0		43.0	43.0	151.0	
Black	Dot	389	30		43.0	45.0	44.0		43.0	73.0	43.0		120.0	43.0	43.0		43.0	43.0	44.0	
Black	Dot	390	30		43.0	43.0	43.0		73.0	43.0	43.0		43.0	43.0	72.0		44.0	43.0	43.0	
Black	Dot	391	30		44.0	44.0	44.0		43.0	43.0	43.0		43.0	120.0	43.0		43.0	43.0	43.0	
Black	Dot	392	30		43.0	43.0	43.0		73.0	43.0	43.0		43.0	43.0	72.0		43.0	43.0	43.0	
Black	Dot	393	30		43.0	43.0	43.0		43.0	133.0	43.0		43.0	43.0	43.0		43.0	44.0	72.0	
Black	Dot	394	30		43.0	43.0	43.0		43.0	43.0	43.0		43.0	43.0	43.0		43.0	43.0	43.0	
Black	Dot	395	30		43.0	43.0	44.0		43.0	43.0	43.0		43.0	43.0	43.0		72.0	43.0	66.0	
Black	Dot	396	30		43.0	44.0	43.0		43.0	133.0	43.0		91.0	43.0	70.0		43.0	43.0	43.0	
Black	Dot	397	30		43.0	43.0	43.0		43.0	103.0	133.0		43.0	43.0	43.0		43.0	43.0	43.0	
Black	Dot	398	30		43.0	44.0	45.0		43.0	43.0	103.0		43.0	43.0	149.0		43.0	43.0	43.0	
Black	Dot	399	30		47.0	44.0	45.0		43.0	43.0	43.0		43.0	43.0	93.0		104.0	91.0	43.0	
Black	Dot	400	30		44.0	44.0	44.0		73.0	43.0	43.0		43.0	43.0	43.0		44.0	74.0	72.0	
Black	Dot	401	30		43.0	43.0	45.0		43.0	43.0	43.0		43.0	91.0	70.0		43.0	43.0	70.0	
Black	Dot	402	30		43.0	45.0	45.0		43.0	43.0	73.0		43.0	43.0	122.0		43.0	43.0	43.0	
Black	Dot	403	30		43.0	43.0	43.0		73.0	43.0	73.0		70.0	43.0	72.0		43.0	43.0	44.0	
Black	Dot	404	30		43.0	46.0	44.0		43.0	43.0	43.0		43.0	43.0	124.0		43.0	43.0	43.0	
Black	Dot	405	30		44.0	44.0	43.0		103.0	43.0	43.0		43.0	43.0	43.0		72.0	43.0	72.0	
Black	Dot	406	30		43.0	43.0	44.0		43.0	43.0	43.0		43.0	43.0	43.0		43.0	43.0	43.0	
Black	Dot	407	30		43.0	44.0	43.0		43.0	73.0	73.0		43.0	43.0	43.0		43.0	43.0	73.0	
Black	Dot	408	30		43.0	43.0	46.0		43.0	73.0	103.0		43.0	70.0	97.0		43.0	43.0	43.0	
Black	Dot	409	30		44.0	47.0	43.0		43.0	73.0	43.0		43.0	118.0	43.0		43.0	43.0	70.0	
Black	Dot	410	30		43.0	43.0	48.0		43.0	43.0	43.0		43.0	43.0	70.0		43.0	43.0	43.0	
Black	Dot	411	30		43.0	43.0	45.0		43.0	43.0	43.0		43.0	43.0	43.0		43.0	102.0	44.0	
Black	Dot	412	30		43.0	43.0	44.0		43.0	43.0	43.0		43.0	43.0	43.0		43.0	43.0	43.0	
Black	Dot	413	30		46.0	43.0	44.0		43.0	43.0	43.0		72.0	43.0	43.0		43.0	43.0	44.0	
Black	Dot	414	30		44.0	43.0	43.0		43.0	43.0	43.0		72.0	70.0	99.0		43.0	43.0	133.0	
Black	Dot	415	30		43.0	44.0	44.0		43.0	43.0	73.0		43.0	43.0	43.0		43.0	43.0	43.0	
Black	Dot	416	30		43.0	43.0	44.0		43.0	73.0	73.0		43.0	43.0	43.0		43.0	43.0	70.0	
Black	Dot	417	30		43.0	43.0	43.0		43.0	43.0	43.0		43.0	43.0	43.0		43.0	43.0	44.0	
Black	Dot	418	30		43.0	44.0	45.0		43.0	43.0	43.0		43.0	91.0	72.0		43.0	43.0	43.0	
Black	Dot	419	30		43.0	44.0	43.0		43.0	43.0	43.0		43.0	43.0	180.0		43.0	43.0	43.0	
Black	Dot	420	30		43.0	43.0	43.0		43.0	43.0	43.0		70.0	43.0	72.0		43.0	43.0	131.0	
Black	Dot	421	30		43.0	45.0	44.0		43.0	43.0	73.0		91.0	70.0	70.0		44.0	43.0	43.0	
Black	Dot	422	30		43.0	43.0	43.0		43.0	73.0	43.0		72.0	91.0	43.0		43.0	43.0	43.0	
Black	Dot	423	30		43.0	44.0	43.0		43.0	43.0	73.0		43.0	43.0	43.0		43.0	43.0	43.0	
Black	Dot	424	30		43.0	44.0	43.0		43.0	43.0	43.0		70.0	43.0	43.0		43.0	43.0	43.0	
Black	Dot	425	30		43.0	44.0	43.0		43.0	43.0	73.0		43.0	43.0	70.0		43.0	43.0	43.0	
Black	Dot	426	30		43.0	43.0	47.0		43.0	43.0	73.0		43.0	43.0	43.0		43.0	43.0	43.0	
Black	Dot	427	30		43.0	43.0	44.0		43.0	43.0	43.0		43.0	72.0	43.0		44.0	103.0	43.0	
Black	Dot	428	30		44.0	43.0	46.0		43.0	43.0	43.0		43.0	43.0	193.0		43.0	43.0	93.0	
Black	Dot	429	30		44.0	43.0	46.0		43.0	43.0	43.0		43.0	43.0	43.0		43.0	45.0	73.0	
Black	Dot	430	30		43.0	43.0	43.0		43.0	43.0	43.0		43.0	43.0	99.0		43.0	43.0	72.0	
Black	Dot	431	30		43.0	43.0	44.0		43.0	43.0	43.0		43.0	43.0	149.0		43.0	43.0	43.0	
Black	Dot	432	30		43.0	43.0	44.0		43.0	43.0	43.0		43.0	43.0	43.0		43.0	43.0	43.0	
Black	Dot	433	30		43.0	43.0	43.0		43.0	43.0	43.0		43.0	70.0	43.0		43.0	43.0	126.0	
Black	Dot	434	30		43.0	44.0	43.0		43.0	43.0	43.0		43.0	43.0	43.0		43.0	43.0	43.0	
Black	Dot	435	30		43.0	43.0	43.0		43.0	43.0	43.0		43.0	43.0	43.0		43.0	43.0	44.0	
Black	Dot	436	30		43.0	43.0	44.0		43.0	73.0	133.0		72.0	43.0	93.0		72.0	43.0	43.0	
Black	Dot	437	30		43.0	43.0	45.0		43.0	43.0	43.0		72.0	43.0	43.0		43.0	43.0	44.0	
Black	Dot	438	30		43.0	43.0	43.0		43.0	43.0	43.0		43.0	43.0	91.0		43.0	44.0	73.0	
Black	Dot	439	30		43.0	43.0	44.0		43.0	43.0	43.0		72.0	72.0	43.0		43.0	43.0	43.0	
Black	Dot	440	30		43.0	43.0	43.0		43.0	73.0	73.0		43.0	43.0	43.0		43.0	46.0	74.0	
Black	Dot	441	30		43.0	44.0	45.0		43.0	43.0	43.0		43.0	43.0	43.0		43.0	44.0	69.0	
Black	Dot	442	30		43.0	44.0	43.0		43.0	43.0	43.0		93.0	72.0	43.0		70.0	43.0	43.0	
Black	Dot	443	30		43.0	43.0	43.0		43.0	43.0	43.0		43.0	70.0	43.0		43.0	43.0	44.0	
Black	Dot	444	30		43.0	43.0	43.0		73.0	43.0	43.0		72.0	43.0	118.0		70.0	74.0	43.0	
Black	Dot	445	30		44.0	43.0	43.0		43.0	43.0	43.0		43.0	43.0	120.0		43.0	43.0	71.0	
Black	Dot	446	30		43.0	44.0	43.0		43.0	43.0	73.0		43.0	43.0	120.0		43.0	73.0	43.0	
Black	Dot	447	30		43.0	43.0	44.0		43.0	43.0	43.0		43.0	43.0	118.0		43.0	43.0	72.0	
Black	Dot	448	30		43.0	45.0	43.0		43.0	43.0	43.0		43.0	70.0	43.0		43.0	43.0	43.0	
Black	Dot	449	30		43.0	44.0	43.0		73.0	43.0	73.0		43.0	43.0	99.0		43.0	43.0	43.0	
Black	Dot	450	30		43.0	43.0	46.0		43.0	43.0	43.0		43.0	43.0	43.0		43.0	73.0	43.0	
Black	Dot	451	30		43.0	44.0	43.0		43.0	43.0	43.0		72.0	43.0	43.0		43.0	70.0	103.0	
Black	Dot	452	30		43.0	43.0	44.0		43.0	43.0	103.0		43.0	43.0	43.0		43.0	43.0	43.0	
Black	Dot	453	30		43.0	45.0	44.0		43.0	43.0	43.0		43.0	70.0	43.0		43.0	43.0	43.0	
Black	Dot	454	30		43.0	43.0	43.0		43.0	43.0	43.0		43.0	99.0	72.0		44.0	43.0	43.0	
Black	Dot	455	30		43.0	44.0	43.0		43.0	43.0	73.0		43.0	72.0	120.0		73.0	43.0	43.0	
Black	Dot	456	30		43.0	43.0	43.0		43.0	43.0	43.0		93.0	43.0	93.0		43.0	70.0	43.0	
Black	Dot	457	30		43.0	43.0	44.0		43.0	43.0	73.0		43.0	118.0	72.0		43.0	43.0	75.0	
Black	Dot	458	30		43.0	43.0	45.0		43.0	73.0	43.0		43.0	43.0	91.0		43.0	43.0	43.0	
Black	Dot	459	30		43.0	43.0	45.0		43.0	43.0	43.0		43.0	43.0	70.0		43.0	43.0	70.0	
Black	Dot	460	30		43.0	43.0	44.0		43.0	43.0	43.0		72.0	43.0	176.0		43.0	43.0	43.0	
Black	Dot	461	30		43.0	43.0	44.0		43.0	43.0	43.0		43.0	43.0	43.0		43.0	70.0	43.0	
Black	Dot	462	30		45.0	43.0	43.0		43.0	103.0	103.0		43.0	43.0	43.0		70.0	43.0	43.0	
Black	Dot	463	30		44.0	43.0	45.0		43.0	133.0	73.0		43.0	72.0	43.0		43.0	43.0	43.0	
Black	Dot	464	30		43.0	43.0	45.0		73.0	43.0	43.0		43.0	97.0	43.0		43.0	43.0	43.0	
Black	Dot	465	30		43.0	44.0	43.0		43.0	43.0	73.0		43.0	72.0	43.0		43.0	44.0	104.0	
Black	Dot	466	30		43.0	45.0	45.0		43.0	43.0	43.0		43.0	72.0	43.0		43.0	43.0	102.0	
Black	Dot	467	30		43.0	43.0	43.0		43.0	43.0	73.0		43.0	70.0	43.0		43.0	43.0	43.0	
Black	Dot	468	30		43.0	43.0	44.0		43.0	43.0	43.0		43.0	43.0	43.0		43.0	44.0	121.0	
Black	Dot	469	30		44.0	43.0	44.0		43.0	43.0	73.0		43.0	43.0	43.0		43.0	43.0	43.0	
Black	Dot	470	30		43.0	45.0	43.0		43.0	43.0	43.0		43.0	43.0	43.0		73.0	43.0	65.0	
Black	Dot	471	30		43.0	44.0	44.0		73.0	43.0	43.0		43.0	43.0	93.0		43.0	73.0	44.0	
Black	Dot	472	30		44.0	43.0	43.0		73.0	43.0	103.0		70.0	93.0	99.0		43.0	70.0	43.0	
Black	Dot	473	30		43.0	43.0	45.0		43.0	43.0	43.0		43.0	43.0	43.0		43.0	72.0	43.0	
Black	Dot	474	30		43.0	43.0	45.0		43.0	43.0	43.0		43.0	70.0	43.0		43.0	43.0	73.0	
Black	Dot	475	30		43.0	44.0	43.0		43.0	43.0	43.0		43.0	43.0	43.0		43.0	43.0	43.0	
Black	Dot	476	30		43.0	43.0	44.0		43.0	43.0	43.0		43.0	99.0	143.0		43.0	128.0	43.0	
Black	Dot	477	30		43.0	43.0	44.0		43.0	43.0	43.0		43.0	72.0	170.0		43.0	43.0	44.0	
Black	Dot	478	30		43.0	45.0	44.0		43.0	43.0	73.0		43.0	122.0	43.0		43.0	43.0	43.0	
Black	Dot	479	30		43.0	43.0	43.0		133.0	43.0	43.0		43.0	70.0	43.0		43.0	43.0	43.0	
Black	Dot	480	30		43.0	43.0	44.0		43.0	73.0	43.0		43.0	72.0	43.0		43.0	43.0	43.0	
Black	Dot	481	30		43.0	44.0	43.0		43.0	43.0	43.0		43.0	43.0	70.0		43.0	132.0	72.0	
Black	Dot	482	30		45.0	43.0	44.0		43.0	43.0	43.0		43.0	91.0	139.0		43.0	43.0	72.0	
Black	Dot	483	30		43.0	43.0	45.0		43.0	43.0	73.0		43.0	70.0	72.0		43.0	43.0	70.0	
Black	Dot	484	30		43.0	44.0	44.0		43.0	43.0	73.0		43.0	93.0	43.0		43.0	43.0	43.0	
Black	Dot	485	30		43.0	43.0	43.0		73.0	43.0	43.0		43.0	43.0	43.0		43.0	43.0	43.0	
Black	Dot	486	30		43.0	43.0	44.0		43.0	73.0	43.0		43.0	120.0	97.0		43.0	43.0	43.0	
Black	Dot	487	30		43.0	43.0	44.0		43.0	43.0	43.0		43.0	43.0	43.0		43.0	43.0	43.0	
Black	Dot	488	30		43.0	44.0	47.0		43.0	43.0	73.0		43.0	43.0	97.0		43.0	123.0	45.0	
Black	Dot	489	30		43.0	43.0	46.0		43.0	43.0	43.0		43.0	99.0	70.0		43.0	44.0	71.0	
Black	Dot	490	30		43.0	45.0	43.0		43.0	73.0	73.0		43.0	72.0	43.0		43.0	43.0	104.0	
Black	Dot	491	30		45.0	44.0	45.0		43.0	73.0	43.0		72.0	43.0	43.0		73.0	43.0	44.0	
Black	Dot	492	30		43.0	44.0	44.0		43.0	43.0	43.0		43.0	43.0	72.0		73.0	43.0	70.0	
Black	Dot	493	30		44.0	43.0	44.0		43.0	43.0	73.0		72.0	43.0	43.0		43.0	43.0	43.0	
Black	Dot	494	30		44.0	43.0	45.0		43.0	43.0	73.0		43.0	43.0	43.0		43.0	43.0	73.0	
Black	Dot	495	30		43.0	44.0	44.0		43.0	43.0	43.0		43.0	43.0	43.0		43.0	72.0	72.0	
Black	Dot	496	30		43.0	44.0	44.0		43.0	43.0	73.0		43.0	72.0	70.0		43.0	44.0	43.0	
Black	Dot	497	30		43.0	43.0	43.0		73.0	43.0	43.0		43.0	43.0	70.0		43.0	102.0	43.0	
Black	Dot	498	30		43.0	44.0	43.0		43.0	103.0	43.0		43.0	43.0	151.0		44.0	43.0	74.0	
Black	Dot	499	30		43.0	44.0	43.0		43.0	43.0	43.0		72.0	43.0	43.0		43.0	73.0	66.0	
Black	Dot	500	30		43.0	46.0	45.0		73.0	43.0	73.0		43.0	43.0	43.0		43.0	43.0	43.0	
<decimals>0
