:	Dot		-	-	-	-	-	-	-	-	-	-	-	-	-	-	-	-	-	
Black	Dot	0	Ideal	c2	Atrasar/10	Atrasar/20	Atrasar/30	c5	Voltar/10	Voltar/20	Voltar/30	c9	Desviar/10	Desviar/20	Desviar/30	c17	Todos/10	Todos/20	Todos/30	
Black	Dot	1	40		58.0	58.0	61.0		58.0	58.0	58.0		58.0	58.0	58.0		58.0	58.0	72.0	
Black	Dot	2	40		58.0	58.0	58.0		138.0	98.0	98.0		58.0	58.0	75.0		59.0	58.0	59.0	
Black	Dot	3	40		58.0	58.0	59.0		58.0	58.0	98.0		58.0	58.0	103.0		58.0	58.0	58.0	
Black	Dot	4	40		58.0	58.0	58.0		98.0	58.0	98.0		58.0	72.0	58.0		58.0	58.0	99.0	
Black	Dot	5	40		58.0	58.0	58.0		58.0	58.0	58.0		58.0	58.0	106.0		58.0	58.0	99.0	
Black	Dot	6	40		58.0	58.0	59.0		58.0	98.0	98.0		75.0	72.0	75.0		72.0	73.0	72.0	
Black	Dot	7	40		59.0	58.0	60.0		58.0	98.0	98.0		58.0	58.0	75.0		58.0	115.0	58.0	
Black	Dot	8	40		58.0	58.0	61.0		58.0	58.0	58.0		58.0	72.0	72.0		58.0	58.0	116.0	
Black	Dot	9	40		58.0	59.0	59.0		58.0	98.0	98.0		58.0	126.0	106.0		75.0	58.0	107.0	
Black	Dot	10	40		58.0	58.0	59.0		58.0	58.0	138.0		58.0	58.0	92.0		58.0	58.0	58.0	
Black	Dot	11	40		58.0	58.0	59.0		58.0	58.0	58.0		58.0	58.0	58.0		58.0	58.0	98.0	
Black	Dot	12	40		58.0	58.0	59.0		58.0	58.0	58.0		58.0	58.0	58.0		58.0	58.0	98.0	
Black	Dot	13	40		58.0	58.0	59.0		58.0	58.0	58.0		89.0	92.0	58.0		58.0	58.0	60.0	
Black	Dot	14	40		58.0	58.0	58.0		58.0	58.0	98.0		58.0	165.0	58.0		58.0	58.0	59.0	
Black	Dot	15	40		58.0	58.0	61.0		58.0	58.0	58.0		58.0	58.0	75.0		58.0	59.0	58.0	
Black	Dot	16	40		58.0	58.0	61.0		58.0	58.0	58.0		75.0	75.0	123.0		58.0	58.0	58.0	
Black	Dot	17	40		58.0	59.0	58.0		58.0	98.0	58.0		58.0	58.0	109.0		58.0	72.0	58.0	
Black	Dot	18	40		58.0	59.0	61.0		58.0	58.0	58.0		58.0	58.0	157.0		58.0	59.0	72.0	
Black	Dot	19	40		59.0	58.0	58.0		58.0	58.0	58.0		58.0	72.0	58.0		58.0	58.0	98.0	
Black	Dot	20	40		58.0	59.0	59.0		58.0	58.0	58.0		58.0	58.0	58.0		58.0	75.0	75.0	
Black	Dot	21	40		58.0	59.0	59.0		58.0	58.0	58.0		58.0	58.0	89.0		58.0	58.0	58.0	
Black	Dot	22	40		58.0	59.0	58.0		58.0	58.0	58.0		58.0	75.0	58.0		58.0	58.0	58.0	
Black	Dot	23	40		58.0	59.0	58.0		58.0	58.0	98.0		58.0	75.0	58.0		58.0	58.0	58.0	
Black	Dot	24	40		58.0	59.0	58.0		58.0	58.0	58.0		58.0	58.0	264.0		58.0	58.0	58.0	
Black	Dot	25	40		58.0	59.0	58.0		58.0	58.0	58.0		58.0	72.0	72.0		58.0	58.0	58.0	
Black	Dot	26	40		58.0	58.0	62.0		58.0	98.0	58.0		58.0	58.0	72.0		58.0	58.0	58.0	
Black	Dot	27	40		59.0	58.0	60.0		58.0	58.0	98.0		58.0	58.0	72.0		58.0	59.0	58.0	
Black	Dot	28	40		59.0	58.0	59.0		58.0	58.0	138.0		58.0	58.0	117.0		58.0	98.0	58.0	
Black	Dot	29	40		58.0	59.0	58.0		58.0	58.0	98.0		58.0	123.0	72.0		58.0	58.0	76.0	
Black	Dot	30	40		58.0	58.0	59.0		58.0	58.0	178.0		58.0	151.0	58.0		58.0	58.0	75.0	
Black	Dot	31	40		58.0	58.0	58.0		58.0	58.0	98.0		58.0	75.0	72.0		58.0	58.0	76.0	
Black	Dot	32	40		58.0	58.0	59.0		58.0	58.0	58.0		58.0	72.0	106.0		58.0	59.0	75.0	
Black	Dot	33	40		58.0	59.0	58.0		58.0	98.0	58.0		58.0	58.0	72.0		58.0	58.0	76.0	
Black	Dot	34	40		58.0	59.0	58.0		58.0	58.0	58.0		58.0	75.0	72.0		58.0	58.0	58.0	
Black	Dot	35	40		59.0	58.0	59.0		58.0	98.0	58.0		109.0	120.0	58.0		58.0	58.0	58.0	
Black	Dot	36	40		59.0	58.0	65.0		58.0	58.0	58.0		58.0	165.0	72.0		58.0	58.0	58.0	
Black	Dot	37	40		58.0	58.0	58.0		98.0	58.0	98.0		58.0	58.0	75.0		58.0	58.0	100.0	
Black	Dot	38	40		58.0	58.0	58.0		58.0	58.0	58.0		58.0	58.0	58.0		58.0	59.0	72.0	
Black	Dot	39	40		58.0	59.0	59.0		58.0	58.0	58.0		58.0	75.0	75.0		58.0	58.0	59.0	
Black	Dot	40	40		58.0	58.0	61.0		178.0	58.0	58.0		58.0	58.0	236.0		58.0	59.0	72.0	
Black	Dot	41	40		58.0	60.0	60.0		58.0	58.0	58.0		58.0	58.0	58.0		98.0	75.0	58.0	
Black	Dot	42	40		58.0	59.0	60.0		58.0	58.0	58.0		58.0	58.0	58.0		58.0	58.0	58.0	
Black	Dot	43	40		58.0	60.0	58.0		58.0	58.0	58.0		58.0	58.0	106.0		58.0	59.0	58.0	
Black	Dot	44	40		58.0	59.0	59.0		58.0	98.0	58.0		72.0	58.0	123.0		58.0	58.0	58.0	
Black	Dot	45	40		58.0	58.0	59.0		58.0	58.0	138.0		58.0	58.0	106.0		58.0	115.0	58.0	
Black	Dot	46	40		58.0	58.0	58.0		58.0	58.0	58.0		58.0	58.0	58.0		58.0	59.0	75.0	
Black	Dot	47	40		58.0	58.0	60.0		58.0	58.0	138.0		58.0	58.0	72.0		98.0	75.0	58.0	
Black	Dot	48	40		58.0	58.0	58.0		58.0	58.0	58.0		58.0	58.0	120.0		58.0	58.0	59.0	
Black	Dot	49	40		58.0	58.0	58.0		58.0	58.0	58.0		58.0	75.0	219.0		58.0	58.0	58.0	
Black	Dot	50	40		58.0	58.0	59.0		58.0	58.0	58.0		58.0	58.0	58.0		58.0	59.0	58.0	
Black	Dot	51	40		58.0	58.0	58.0		58.0	98.0	138.0		58.0	58.0	58.0		72.0	58.0	58.0	
Black	Dot	52	40		58.0	59.0	58.0		58.0	58.0	58.0		72.0	58.0	106.0		58.0	58.0	58.0	
Black	Dot	53	40		58.0	60.0	58.0		58.0	98.0	98.0		72.0	58.0	89.0		58.0	58.0	58.0	
Black	Dot	54	40		58.0	59.0	60.0		58.0	98.0	58.0		58.0	72.0	72.0		58.0	58.0	76.0	
Black	Dot	55	40		58.0	58.0	59.0		58.0	58.0	98.0		58.0	58.0	58.0		58.0	58.0	58.0	
Black	Dot	56	40		58.0	58.0	59.0		58.0	58.0	58.0		58.0	58.0	58.0		58.0	58.0	103.0	
Black	Dot	57	40		58.0	59.0	59.0		58.0	58.0	58.0		58.0	58.0	92.0		58.0	115.0	58.0	
Black	Dot	58	40		58.0	58.0	59.0		58.0	58.0	58.0		58.0	75.0	72.0		58.0	58.0	58.0	
Black	Dot	59	40		58.0	59.0	58.0		58.0	98.0	138.0		58.0	58.0	58.0		59.0	58.0	58.0	
Black	Dot	60	40		58.0	61.0	58.0		58.0	98.0	58.0		58.0	58.0	103.0		58.0	58.0	59.0	
Black	Dot	61	40		58.0	59.0	59.0		58.0	58.0	58.0		58.0	75.0	202.0		58.0	58.0	58.0	
Black	Dot	62	40		58.0	58.0	58.0		58.0	58.0	98.0		58.0	89.0	58.0		58.0	58.0	58.0	
Black	Dot	63	40		58.0	58.0	59.0		58.0	58.0	58.0		72.0	72.0	58.0		75.0	58.0	58.0	
Black	Dot	64	40		58.0	58.0	58.0		58.0	58.0	58.0		58.0	72.0	58.0		58.0	58.0	59.0	
Black	Dot	65	40		58.0	59.0	58.0		58.0	58.0	58.0		106.0	58.0	58.0		58.0	75.0	58.0	
Black	Dot	66	40		58.0	58.0	59.0		98.0	58.0	58.0		58.0	72.0	106.0		58.0	58.0	98.0	
Black	Dot	67	40		59.0	58.0	58.0		58.0	98.0	98.0		58.0	58.0	58.0		58.0	58.0	59.0	
Black	Dot	68	40		58.0	61.0	58.0		58.0	58.0	98.0		58.0	120.0	58.0		58.0	58.0	72.0	
Black	Dot	69	40		58.0	58.0	59.0		58.0	58.0	98.0		58.0	58.0	58.0		60.0	58.0	58.0	
Black	Dot	70	40		58.0	58.0	59.0		58.0	58.0	58.0		72.0	58.0	58.0		58.0	73.0	59.0	
Black	Dot	71	40		58.0	59.0	60.0		58.0	58.0	58.0		58.0	58.0	58.0		58.0	58.0	58.0	
Black	Dot	72	40		58.0	59.0	61.0		58.0	98.0	58.0		58.0	58.0	120.0		58.0	58.0	98.0	
Black	Dot	73	40		59.0	58.0	59.0		58.0	58.0	58.0		58.0	120.0	72.0		58.0	58.0	98.0	
Black	Dot	74	40		58.0	58.0	60.0		58.0	58.0	58.0		75.0	134.0	58.0		98.0	58.0	58.0	
Black	Dot	75	40		59.0	58.0	58.0		58.0	58.0	58.0		58.0	75.0	58.0		58.0	58.0	72.0	
Black	Dot	76	40		58.0	58.0	59.0		98.0	58.0	58.0		58.0	58.0	58.0		98.0	58.0	75.0	
Black	Dot	77	40		58.0	59.0	58.0		58.0	58.0	58.0		58.0	75.0	117.0		58.0	58.0	58.0	
Black	Dot	78	40		58.0	58.0	61.0		58.0	58.0	58.0		58.0	58.0	123.0		58.0	59.0	58.0	
Black	Dot	79	40		58.0	58.0	58.0		98.0	98.0	58.0		72.0	58.0	58.0		59.0	58.0	98.0	
Black	Dot	80	40		60.0	58.0	58.0		58.0	58.0	58.0		58.0	89.0	157.0		58.0	58.0	58.0	
Black	Dot	81	40		58.0	59.0	59.0		58.0	58.0	58.0		72.0	106.0	92.0		58.0	58.0	58.0	
Black	Dot	82	40		58.0	61.0	58.0		58.0	58.0	58.0		58.0	58.0	75.0		58.0	58.0	58.0	
Black	Dot	83	40		58.0	59.0	59.0		58.0	58.0	58.0		75.0	58.0	137.0		58.0	98.0	58.0	
Black	Dot	84	40		58.0	58.0	59.0		98.0	58.0	58.0		58.0	89.0	75.0		58.0	60.0	58.0	
Black	Dot	85	40		59.0	59.0	58.0		58.0	58.0	138.0		58.0	72.0	72.0		58.0	58.0	151.0	
Black	Dot	86	40		58.0	58.0	58.0		58.0	58.0	98.0		58.0	58.0	58.0		58.0	58.0	58.0	
Black	Dot	87	40		58.0	58.0	58.0		58.0	58.0	58.0		58.0	72.0	58.0		58.0	58.0	58.0	
Black	Dot	88	40		58.0	58.0	58.0		58.0	58.0	98.0		58.0	58.0	58.0		58.0	59.0	58.0	
Black	Dot	89	40		58.0	58.0	59.0		58.0	58.0	58.0		58.0	165.0	72.0		58.0	59.0	59.0	
Black	Dot	90	40		58.0	58.0	58.0		98.0	98.0	58.0		58.0	58.0	75.0		58.0	58.0	60.0	
Black	Dot	91	40		58.0	58.0	61.0		58.0	58.0	98.0		58.0	58.0	58.0		58.0	58.0	58.0	
Black	Dot	92	40		59.0	58.0	63.0		58.0	58.0	58.0		58.0	58.0	58.0		58.0	100.0	98.0	
Black	Dot	93	40		58.0	58.0	58.0		58.0	58.0	138.0		58.0	89.0	75.0		58.0	58.0	75.0	
Black	Dot	94	40		58.0	58.0	58.0		58.0	58.0	58.0		72.0	58.0	75.0		58.0	58.0	58.0	
Black	Dot	95	40		58.0	58.0	61.0		58.0	98.0	58.0		58.0	58.0	58.0		58.0	59.0	58.0	
Black	Dot	96	40		58.0	59.0	59.0		58.0	58.0	58.0		58.0	58.0	72.0		58.0	58.0	58.0	
Black	Dot	97	40		58.0	58.0	58.0		58.0	98.0	58.0		58.0	58.0	58.0		58.0	72.0	58.0	
Black	Dot	98	40		58.0	58.0	58.0		98.0	58.0	58.0		58.0	58.0	165.0		58.0	58.0	98.0	
Black	Dot	99	40		58.0	58.0	59.0		58.0	98.0	98.0		58.0	89.0	58.0		58.0	58.0	59.0	
Black	Dot	100	40		60.0	58.0	61.0		58.0	58.0	58.0		58.0	58.0	72.0		58.0	59.0	58.0	
Black	Dot	101	40		58.0	59.0	60.0		58.0	58.0	58.0		58.0	58.0	58.0		58.0	58.0	58.0	
Black	Dot	102	40		58.0	58.0	59.0		58.0	58.0	58.0		58.0	58.0	165.0		58.0	58.0	58.0	
Black	Dot	103	40		58.0	59.0	58.0		98.0	58.0	58.0		58.0	58.0	117.0		58.0	58.0	98.0	
Black	Dot	104	40		58.0	58.0	58.0		58.0	58.0	98.0		58.0	58.0	117.0		58.0	58.0	75.0	
Black	Dot	105	40		58.0	58.0	61.0		58.0	58.0	138.0		58.0	58.0	72.0		58.0	58.0	72.0	
Black	Dot	106	40		58.0	58.0	59.0		58.0	138.0	58.0		58.0	72.0	89.0		58.0	58.0	58.0	
Black	Dot	107	40		59.0	58.0	58.0		58.0	58.0	58.0		58.0	58.0	106.0		58.0	75.0	58.0	
Black	Dot	108	40		59.0	59.0	61.0		58.0	58.0	58.0		58.0	58.0	109.0		58.0	58.0	76.0	
Black	Dot	109	40		58.0	58.0	61.0		58.0	58.0	58.0		58.0	58.0	58.0		58.0	58.0	58.0	
Black	Dot	110	40		58.0	58.0	61.0		98.0	58.0	58.0		58.0	58.0	165.0		58.0	75.0	58.0	
Black	Dot	111	40		58.0	58.0	61.0		58.0	58.0	58.0		58.0	58.0	154.0		72.0	58.0	161.0	
Black	Dot	112	40		58.0	59.0	58.0		58.0	58.0	58.0		58.0	75.0	72.0		58.0	58.0	58.0	
Black	Dot	113	40		58.0	58.0	58.0		58.0	58.0	58.0		75.0	58.0	168.0		58.0	58.0	117.0	
Black	Dot	114	40		58.0	58.0	62.0		58.0	58.0	58.0		89.0	58.0	58.0		58.0	59.0	58.0	
Black	Dot	115	40		58.0	61.0	58.0		58.0	58.0	178.0		58.0	58.0	58.0		58.0	58.0	75.0	
Black	Dot	116	40		59.0	58.0	59.0		58.0	58.0	58.0		58.0	75.0	58.0		58.0	58.0	58.0	
Black	Dot	117	40		58.0	58.0	58.0		58.0	58.0	58.0		58.0	58.0	58.0		58.0	58.0	58.0	
Black	Dot	118	40		58.0	58.0	63.0		58.0	98.0	58.0		58.0	72.0	58.0		58.0	58.0	98.0	
Black	Dot	119	40		58.0	60.0	59.0		178.0	98.0	58.0		58.0	58.0	72.0		58.0	58.0	58.0	
Black	Dot	120	40		59.0	58.0	58.0		58.0	98.0	98.0		58.0	75.0	58.0		58.0	58.0	58.0	
Black	Dot	121	40		58.0	58.0	58.0		58.0	58.0	58.0		72.0	58.0	75.0		58.0	58.0	58.0	
Black	Dot	122	40		59.0	58.0	59.0		98.0	98.0	138.0		58.0	58.0	58.0		58.0	59.0	58.0	
Black	Dot	123	40		58.0	58.0	58.0		58.0	58.0	58.0		103.0	75.0	188.0		58.0	72.0	59.0	
Black	Dot	124	40		59.0	58.0	58.0		58.0	58.0	58.0		75.0	58.0	58.0		58.0	58.0	72.0	
Black	Dot	125	40		58.0	58.0	59.0		98.0	58.0	58.0		58.0	72.0	58.0		58.0	58.0	58.0	
Black	Dot	126	40		58.0	58.0	58.0		58.0	58.0	58.0		58.0	58.0	58.0		58.0	58.0	58.0	
Black	Dot	127	40		58.0	58.0	59.0		98.0	58.0	58.0		58.0	58.0	72.0		58.0	58.0	58.0	
Black	Dot	128	40		58.0	58.0	58.0		58.0	98.0	58.0		58.0	72.0	58.0		58.0	58.0	58.0	
Black	Dot	129	40		58.0	58.0	58.0		58.0	58.0	58.0		58.0	58.0	58.0		58.0	58.0	72.0	
Black	Dot	130	40		58.0	58.0	61.0		58.0	58.0	58.0		58.0	75.0	134.0		58.0	75.0	58.0	
Black	Dot	131	40		58.0	58.0	58.0		58.0	58.0	58.0		58.0	58.0	120.0		58.0	113.0	58.0	
Black	Dot	132	40		58.0	59.0	59.0		58.0	58.0	58.0		58.0	58.0	58.0		58.0	58.0	58.0	
Black	Dot	133	40		58.0	59.0	62.0		58.0	58.0	58.0		58.0	58.0	58.0		59.0	59.0	75.0	
Black	Dot	134	40		58.0	60.0	58.0		58.0	58.0	58.0		58.0	89.0	120.0		58.0	58.0	58.0	
Black	Dot	135	40		58.0	64.0	58.0		58.0	58.0	58.0		123.0	58.0	58.0		58.0	58.0	58.0	
Black	Dot	136	40		58.0	58.0	58.0		58.0	58.0	138.0		58.0	75.0	171.0		58.0	58.0	58.0	
Black	Dot	137	40		58.0	59.0	58.0		58.0	58.0	58.0		58.0	72.0	117.0		75.0	58.0	58.0	
Black	Dot	138	40		58.0	58.0	58.0		98.0	58.0	58.0		58.0	58.0	58.0		58.0	58.0	92.0	
Black	Dot	139	40		58.0	58.0	58.0		58.0	58.0	58.0		58.0	58.0	58.0		58.0	58.0	113.0	
Black	Dot	140	40		58.0	59.0	61.0		58.0	58.0	58.0		58.0	58.0	58.0		58.0	58.0	58.0	
Black	Dot	141	40		58.0	59.0	58.0		58.0	58.0	98.0		58.0	72.0	92.0		58.0	59.0	58.0	
Black	Dot	142	40		58.0	58.0	59.0		58.0	98.0	58.0		58.0	58.0	58.0		58.0	58.0	90.0	
Black	Dot	143	40		58.0	58.0	58.0		58.0	98.0	58.0		58.0	58.0	117.0		98.0	59.0	98.0	
Black	Dot	144	40		58.0	59.0	58.0		58.0	58.0	98.0		58.0	58.0	75.0		58.0	60.0	72.0	
Black	Dot	145	40		58.0	59.0	58.0		58.0	58.0	58.0		58.0	75.0	123.0		58.0	59.0	75.0	
Black	Dot	146	40		58.0	60.0	59.0		58.0	58.0	58.0		58.0	75.0	58.0		58.0	58.0	58.0	
Black	Dot	147	40		58.0	58.0	58.0		58.0	98.0	178.0		58.0	58.0	58.0		58.0	58.0	58.0	
Black	Dot	148	40		58.0	59.0	58.0		58.0	58.0	58.0		72.0	58.0	58.0		58.0	58.0	58.0	
Black	Dot	149	40		58.0	58.0	59.0		58.0	58.0	58.0		58.0	58.0	58.0		58.0	58.0	98.0	
Black	Dot	150	40		58.0	58.0	58.0		58.0	98.0	58.0		58.0	72.0	58.0		98.0	76.0	58.0	
Black	Dot	151	40		58.0	58.0	59.0		58.0	98.0	98.0		58.0	58.0	120.0		58.0	58.0	73.0	
Black	Dot	152	40		58.0	58.0	60.0		58.0	58.0	98.0		58.0	72.0	75.0		58.0	58.0	72.0	
Black	Dot	153	40		58.0	58.0	58.0		58.0	58.0	58.0		58.0	58.0	154.0		58.0	58.0	58.0	
Black	Dot	154	40		58.0	58.0	60.0		58.0	58.0	58.0		58.0	58.0	58.0		58.0	58.0	72.0	
Black	Dot	155	40		58.0	59.0	59.0		58.0	58.0	58.0		58.0	58.0	58.0		73.0	59.0	72.0	
Black	Dot	156	40		61.0	58.0	58.0		58.0	58.0	58.0		58.0	58.0	75.0		58.0	72.0	106.0	
Black	Dot	157	40		58.0	58.0	61.0		58.0	58.0	98.0		58.0	58.0	75.0		59.0	72.0	75.0	
Black	Dot	158	40		58.0	61.0	58.0		58.0	58.0	58.0		58.0	58.0	72.0		58.0	58.0	112.0	
Black	Dot	159	40		58.0	58.0	58.0		58.0	98.0	58.0		72.0	72.0	58.0		58.0	75.0	58.0	
Black	Dot	160	40		59.0	60.0	58.0		58.0	178.0	58.0		117.0	72.0	58.0		58.0	58.0	72.0	
Black	Dot	161	40		58.0	58.0	60.0		58.0	58.0	138.0		58.0	58.0	103.0		59.0	59.0	76.0	
Black	Dot	162	40		58.0	59.0	59.0		58.0	98.0	98.0		58.0	106.0	72.0		58.0	58.0	76.0	
Black	Dot	163	40		58.0	59.0	58.0		58.0	58.0	58.0		58.0	75.0	72.0		58.0	58.0	58.0	
Black	Dot	164	40		58.0	58.0	58.0		58.0	58.0	98.0		58.0	58.0	58.0		58.0	58.0	58.0	
Black	Dot	165	40		59.0	58.0	60.0		58.0	58.0	58.0		58.0	89.0	120.0		58.0	58.0	58.0	
Black	Dot	166	40		58.0	58.0	61.0		58.0	98.0	58.0		58.0	103.0	58.0		58.0	58.0	58.0	
Black	Dot	167	40		59.0	58.0	58.0		58.0	58.0	58.0		58.0	58.0	106.0		58.0	58.0	58.0	
Black	Dot	168	40		58.0	58.0	59.0		58.0	58.0	138.0		58.0	106.0	182.0		58.0	59.0	58.0	
Black	Dot	169	40		58.0	59.0	58.0		58.0	58.0	98.0		58.0	58.0	58.0		58.0	77.0	58.0	
Black	Dot	170	40		58.0	58.0	58.0		58.0	58.0	58.0		58.0	75.0	58.0		75.0	106.0	72.0	
Black	Dot	171	40		58.0	58.0	63.0		58.0	58.0	58.0		58.0	75.0	58.0		59.0	58.0	75.0	
Black	Dot	172	40		58.0	58.0	58.0		58.0	58.0	98.0		58.0	58.0	89.0		58.0	58.0	75.0	
Black	Dot	173	40		58.0	59.0	59.0		58.0	58.0	58.0		58.0	58.0	58.0		58.0	58.0	58.0	
Black	Dot	174	40		58.0	58.0	58.0		58.0	58.0	58.0		58.0	72.0	58.0		98.0	58.0	58.0	
Black	Dot	175	40		58.0	58.0	58.0		58.0	98.0	58.0		58.0	58.0	106.0		58.0	58.0	58.0	
Black	Dot	176	40		58.0	59.0	58.0		138.0	58.0	58.0		72.0	58.0	58.0		58.0	58.0	99.0	
Black	Dot	177	40		58.0	59.0	59.0		58.0	58.0	58.0		58.0	58.0	89.0		58.0	58.0	72.0	
Black	Dot	178	40		58.0	59.0	59.0		58.0	58.0	58.0		58.0	117.0	75.0		58.0	58.0	58.0	
Black	Dot	179	40		58.0	59.0	60.0		58.0	98.0	58.0		58.0	58.0	58.0		58.0	58.0	73.0	
Black	Dot	180	40		60.0	58.0	59.0		58.0	58.0	98.0		75.0	58.0	58.0		58.0	58.0	59.0	
Black	Dot	181	40		59.0	62.0	58.0		98.0	58.0	98.0		58.0	58.0	103.0		58.0	58.0	157.0	
Black	Dot	182	40		58.0	58.0	60.0		58.0	98.0	58.0		58.0	58.0	120.0		98.0	72.0	113.0	
Black	Dot	183	40		58.0	58.0	60.0		58.0	58.0	58.0		58.0	58.0	58.0		58.0	72.0	98.0	
Black	Dot	184	40		58.0	58.0	59.0		58.0	58.0	58.0		72.0	58.0	120.0		58.0	58.0	58.0	
Black	Dot	185	40		58.0	58.0	58.0		58.0	98.0	98.0		58.0	58.0	120.0		58.0	92.0	99.0	
Black	Dot	186	40		58.0	58.0	58.0		58.0	58.0	58.0		58.0	72.0	103.0		98.0	58.0	58.0	
Black	Dot	187	40		58.0	59.0	59.0		58.0	58.0	58.0		58.0	58.0	106.0		58.0	58.0	58.0	
Black	Dot	188	40		58.0	60.0	59.0		58.0	58.0	98.0		58.0	58.0	58.0		75.0	59.0	58.0	
Black	Dot	189	40		58.0	58.0	58.0		58.0	58.0	58.0		58.0	75.0	72.0		58.0	58.0	58.0	
Black	Dot	190	40		58.0	58.0	60.0		58.0	98.0	98.0		58.0	72.0	58.0		58.0	75.0	59.0	
Black	Dot	191	40		58.0	59.0	58.0		138.0	58.0	58.0		75.0	58.0	137.0		58.0	58.0	58.0	
Black	Dot	192	40		58.0	60.0	59.0		58.0	98.0	138.0		58.0	58.0	58.0		58.0	58.0	59.0	
Black	Dot	193	40		58.0	58.0	58.0		58.0	58.0	218.0		72.0	58.0	58.0		58.0	58.0	99.0	
Black	Dot	194	40		60.0	58.0	59.0		58.0	58.0	98.0		58.0	72.0	120.0		58.0	58.0	59.0	
Black	Dot	195	40		60.0	58.0	59.0		58.0	98.0	58.0		58.0	58.0	72.0		58.0	58.0	59.0	
Black	Dot	196	40		58.0	59.0	60.0		58.0	58.0	58.0		58.0	58.0	58.0		58.0	58.0	106.0	
Black	Dot	197	40		58.0	59.0	59.0		98.0	58.0	58.0		58.0	58.0	58.0		58.0	58.0	98.0	
Black	Dot	198	40		58.0	58.0	60.0		58.0	58.0	58.0		58.0	72.0	58.0		58.0	75.0	58.0	
Black	Dot	199	40		58.0	58.0	58.0		58.0	58.0	218.0		58.0	58.0	58.0		58.0	58.0	58.0	
Black	Dot	200	40		58.0	58.0	58.0		58.0	58.0	58.0		58.0	58.0	72.0		58.0	75.0	59.0	
Black	Dot	201	40		58.0	58.0	58.0		58.0	58.0	58.0		58.0	58.0	58.0		58.0	58.0	58.0	
Black	Dot	202	40		58.0	58.0	58.0		58.0	58.0	58.0		58.0	58.0	106.0		59.0	58.0	58.0	
Black	Dot	203	40		58.0	58.0	58.0		58.0	58.0	98.0		75.0	75.0	72.0		58.0	58.0	72.0	
Black	Dot	204	40		58.0	58.0	60.0		58.0	58.0	58.0		103.0	72.0	58.0		58.0	59.0	115.0	
Black	Dot	205	40		58.0	58.0	63.0		58.0	98.0	58.0		58.0	58.0	58.0		58.0	58.0	58.0	
Black	Dot	206	40		58.0	59.0	58.0		58.0	98.0	58.0		72.0	103.0	58.0		58.0	75.0	58.0	
Black	Dot	207	40		58.0	58.0	58.0		58.0	58.0	58.0		58.0	58.0	58.0		58.0	58.0	59.0	
Black	Dot	208	40		58.0	58.0	58.0		58.0	138.0	58.0		58.0	89.0	72.0		58.0	72.0	58.0	
Black	Dot	209	40		58.0	58.0	59.0		58.0	58.0	58.0		58.0	58.0	72.0		58.0	73.0	59.0	
Black	Dot	210	40		58.0	59.0	58.0		58.0	58.0	58.0		58.0	58.0	58.0		58.0	72.0	72.0	
Black	Dot	211	40		59.0	58.0	58.0		58.0	58.0	58.0		58.0	106.0	75.0		58.0	58.0	58.0	
Black	Dot	212	40		58.0	58.0	59.0		58.0	58.0	58.0		58.0	58.0	168.0		58.0	100.0	59.0	
Black	Dot	213	40		58.0	59.0	58.0		58.0	58.0	58.0		58.0	58.0	58.0		58.0	58.0	99.0	
Black	Dot	214	40		58.0	58.0	60.0		58.0	58.0	58.0		58.0	58.0	58.0		58.0	59.0	58.0	
Black	Dot	215	40		58.0	58.0	59.0		58.0	58.0	58.0		58.0	58.0	58.0		58.0	58.0	72.0	
Black	Dot	216	40		58.0	59.0	58.0		58.0	178.0	58.0		58.0	58.0	72.0		58.0	99.0	58.0	
Black	Dot	217	40		58.0	58.0	58.0		58.0	58.0	58.0		58.0	58.0	58.0		58.0	58.0	58.0	
Black	Dot	218	40		58.0	59.0	59.0		58.0	58.0	98.0		58.0	123.0	89.0		58.0	59.0	58.0	
Black	Dot	219	40		58.0	58.0	60.0		58.0	98.0	58.0		58.0	89.0	75.0		58.0	98.0	72.0	
Black	Dot	220	40		58.0	59.0	59.0		58.0	58.0	58.0		58.0	58.0	58.0		58.0	99.0	76.0	
Black	Dot	221	40		58.0	58.0	59.0		58.0	98.0	58.0		58.0	58.0	58.0		98.0	58.0	58.0	
Black	Dot	222	40		58.0	58.0	59.0		58.0	58.0	58.0		117.0	75.0	75.0		58.0	58.0	154.0	
Black	Dot	223	40		58.0	61.0	58.0		58.0	178.0	58.0		58.0	75.0	58.0		59.0	58.0	58.0	
Black	Dot	224	40		58.0	58.0	60.0		58.0	58.0	58.0		58.0	58.0	72.0		58.0	59.0	58.0	
Black	Dot	225	40		58.0	58.0	58.0		98.0	98.0	58.0		58.0	58.0	58.0		58.0	58.0	58.0	
Black	Dot	226	40		58.0	58.0	58.0		58.0	58.0	58.0		58.0	58.0	58.0		58.0	60.0	58.0	
Black	Dot	227	40		58.0	58.0	58.0		58.0	178.0	58.0		58.0	58.0	58.0		58.0	59.0	72.0	
Black	Dot	228	40		58.0	58.0	58.0		58.0	58.0	98.0		72.0	120.0	58.0		58.0	72.0	60.0	
Black	Dot	229	40		58.0	58.0	58.0		98.0	58.0	58.0		58.0	58.0	58.0		58.0	98.0	59.0	
Black	Dot	230	40		60.0	60.0	58.0		98.0	58.0	58.0		58.0	72.0	58.0		58.0	58.0	58.0	
Black	Dot	231	40		59.0	60.0	59.0		98.0	178.0	58.0		58.0	72.0	72.0		58.0	58.0	73.0	
Black	Dot	232	40		58.0	58.0	58.0		58.0	58.0	58.0		58.0	58.0	58.0		58.0	98.0	58.0	
Black	Dot	233	40		58.0	58.0	60.0		98.0	58.0	58.0		58.0	72.0	58.0		98.0	58.0	58.0	
Black	Dot	234	40		59.0	58.0	60.0		58.0	58.0	178.0		58.0	58.0	72.0		58.0	58.0	98.0	
Black	Dot	235	40		58.0	58.0	59.0		58.0	58.0	98.0		58.0	58.0	58.0		58.0	58.0	58.0	
Black	Dot	236	40		58.0	60.0	61.0		58.0	58.0	58.0		58.0	58.0	75.0		58.0	72.0	58.0	
Black	Dot	237	40		58.0	58.0	58.0		58.0	58.0	58.0		58.0	58.0	58.0		58.0	72.0	58.0	
Black	Dot	238	40		58.0	58.0	59.0		98.0	138.0	58.0		58.0	75.0	72.0		58.0	58.0	72.0	
Black	Dot	239	40		58.0	58.0	58.0		58.0	58.0	58.0		58.0	58.0	103.0		58.0	99.0	98.0	
Black	Dot	240	40		58.0	58.0	58.0		58.0	58.0	58.0		58.0	58.0	58.0		59.0	58.0	58.0	
Black	Dot	241	40		58.0	59.0	61.0		58.0	58.0	98.0		58.0	58.0	58.0		58.0	58.0	58.0	
Black	Dot	242	40		58.0	61.0	64.0		98.0	58.0	58.0		58.0	58.0	103.0		58.0	58.0	59.0	
Black	Dot	243	40		58.0	58.0	58.0		58.0	58.0	58.0		58.0	58.0	92.0		58.0	98.0	58.0	
Black	Dot	244	40		58.0	58.0	59.0		58.0	58.0	58.0		58.0	58.0	58.0		58.0	58.0	58.0	
Black	Dot	245	40		58.0	58.0	58.0		58.0	58.0	58.0		58.0	199.0	58.0		58.0	58.0	99.0	
Black	Dot	246	40		58.0	58.0	58.0		58.0	98.0	58.0		58.0	58.0	72.0		58.0	58.0	72.0	
Black	Dot	247	40		58.0	59.0	58.0		58.0	58.0	58.0		72.0	106.0	120.0		58.0	58.0	76.0	
Black	Dot	248	40		58.0	58.0	58.0		58.0	58.0	58.0		72.0	58.0	58.0		98.0	58.0	75.0	
Black	Dot	249	40		59.0	58.0	59.0		58.0	58.0	58.0		58.0	58.0	58.0		58.0	58.0	58.0	
Black	Dot	250	40		59.0	59.0	58.0		58.0	58.0	58.0		117.0	58.0	75.0		58.0	58.0	146.0	
Black	Dot	251	40		58.0	59.0	58.0		58.0	98.0	58.0		58.0	58.0	75.0		58.0	59.0	58.0	
Black	Dot	252	40		58.0	58.0	59.0		58.0	58.0	58.0		58.0	58.0	58.0		58.0	58.0	188.0	
Black	Dot	253	40		58.0	58.0	61.0		58.0	58.0	98.0		58.0	58.0	58.0		58.0	58.0	58.0	
Black	Dot	254	40		58.0	58.0	58.0		58.0	98.0	58.0		58.0	58.0	58.0		58.0	58.0	58.0	
Black	Dot	255	40		58.0	58.0	63.0		58.0	58.0	58.0		58.0	58.0	58.0		58.0	58.0	138.0	
Black	Dot	256	40		58.0	59.0	58.0		98.0	58.0	58.0		58.0	72.0	120.0		58.0	59.0	98.0	
Black	Dot	257	40		58.0	58.0	58.0		58.0	98.0	58.0		58.0	58.0	103.0		58.0	58.0	59.0	
Black	Dot	258	40		58.0	60.0	61.0		58.0	58.0	58.0		58.0	58.0	109.0		58.0	72.0	58.0	
Black	Dot	259	40		58.0	60.0	58.0		58.0	58.0	138.0		75.0	58.0	58.0		58.0	98.0	58.0	
Black	Dot	260	40		58.0	58.0	59.0		58.0	58.0	98.0		58.0	75.0	58.0		58.0	58.0	58.0	
Black	Dot	261	40		59.0	59.0	58.0		58.0	58.0	58.0		58.0	151.0	120.0		72.0	58.0	58.0	
Black	Dot	262	40		58.0	59.0	59.0		58.0	58.0	58.0		58.0	75.0	75.0		58.0	132.0	58.0	
Black	Dot	263	40		59.0	60.0	59.0		98.0	58.0	58.0		58.0	58.0	75.0		58.0	98.0	58.0	
Black	Dot	264	40		58.0	59.0	59.0		58.0	58.0	58.0		58.0	72.0	72.0		58.0	58.0	58.0	
Black	Dot	265	40		58.0	58.0	58.0		58.0	58.0	98.0		58.0	72.0	58.0		58.0	58.0	98.0	
Black	Dot	266	40		58.0	60.0	60.0		58.0	58.0	58.0		58.0	75.0	106.0		58.0	58.0	76.0	
Black	Dot	267	40		58.0	58.0	60.0		98.0	98.0	58.0		58.0	72.0	58.0		58.0	58.0	76.0	
Black	Dot	268	40		58.0	59.0	61.0		58.0	58.0	98.0		58.0	58.0	58.0		58.0	58.0	72.0	
Black	Dot	269	40		58.0	61.0	59.0		98.0	58.0	58.0		58.0	58.0	58.0		72.0	58.0	73.0	
Black	Dot	270	40		59.0	58.0	58.0		58.0	98.0	58.0		58.0	58.0	109.0		58.0	59.0	58.0	
Black	Dot	271	40		58.0	58.0	58.0		58.0	98.0	218.0		58.0	140.0	117.0		58.0	157.0	58.0	
Black	Dot	272	40		59.0	61.0	61.0		58.0	58.0	58.0		58.0	58.0	106.0		58.0	58.0	58.0	
Black	Dot	273	40		58.0	58.0	58.0		58.0	58.0	58.0		58.0	72.0	58.0		59.0	58.0	76.0	
Black	Dot	274	40		58.0	58.0	59.0		58.0	58.0	58.0		58.0	58.0	106.0		58.0	58.0	106.0	
Black	Dot	275	40		58.0	60.0	61.0		58.0	58.0	98.0		58.0	58.0	58.0		58.0	98.0	103.0	
Black	Dot	276	40		58.0	58.0	58.0		58.0	98.0	98.0		72.0	103.0	72.0		58.0	58.0	58.0	
Black	Dot	277	40		59.0	58.0	58.0		58.0	58.0	58.0		58.0	103.0	58.0		61.0	59.0	58.0	
Black	Dot	278	40		58.0	58.0	59.0		58.0	58.0	58.0		58.0	72.0	58.0		58.0	58.0	58.0	
Black	Dot	279	40		58.0	58.0	59.0		58.0	98.0	58.0		58.0	72.0	58.0		58.0	166.0	59.0	
Black	Dot	280	40		58.0	59.0	58.0		58.0	58.0	58.0		58.0	58.0	106.0		72.0	58.0	58.0	
Black	Dot	281	40		58.0	58.0	59.0		58.0	58.0	58.0		58.0	58.0	89.0		58.0	58.0	58.0	
Black	Dot	282	40		58.0	61.0	58.0		58.0	58.0	98.0		58.0	72.0	75.0		58.0	59.0	58.0	
Black	Dot	283	40		58.0	58.0	58.0		58.0	58.0	58.0		58.0	72.0	89.0		58.0	58.0	58.0	
Black	Dot	284	40		58.0	58.0	59.0		58.0	58.0	98.0		58.0	58.0	58.0		58.0	58.0	58.0	
Black	Dot	285	40		58.0	59.0	58.0		58.0	58.0	58.0		58.0	58.0	58.0		58.0	75.0	58.0	
Black	Dot	286	40		58.0	58.0	59.0		98.0	58.0	98.0		75.0	58.0	58.0		58.0	58.0	58.0	
Black	Dot	287	40		58.0	61.0	58.0		58.0	98.0	58.0		58.0	134.0	58.0		58.0	58.0	58.0	
Black	Dot	288	40		58.0	58.0	58.0		58.0	58.0	58.0		58.0	92.0	72.0		58.0	59.0	112.0	
Black	Dot	289	40		58.0	59.0	58.0		58.0	58.0	58.0		72.0	58.0	58.0		58.0	58.0	58.0	
Black	Dot	290	40		58.0	58.0	60.0		58.0	58.0	98.0		58.0	58.0	75.0		58.0	98.0	98.0	
Black	Dot	291	40		60.0	60.0	58.0		98.0	58.0	58.0		58.0	58.0	103.0		58.0	58.0	58.0	
Black	Dot	292	40		58.0	59.0	60.0		58.0	58.0	98.0		92.0	58.0	72.0		58.0	98.0	58.0	
Black	Dot	293	40		58.0	58.0	58.0		58.0	58.0	58.0		58.0	58.0	58.0		58.0	58.0	76.0	
Black	Dot	294	40		58.0	58.0	58.0		58.0	58.0	98.0		58.0	89.0	89.0		58.0	58.0	58.0	
Black	Dot	295	40		59.0	58.0	59.0		58.0	58.0	58.0		58.0	72.0	58.0		58.0	72.0	58.0	
Black	Dot	296	40		58.0	60.0	59.0		58.0	58.0	58.0		58.0	58.0	58.0		59.0	58.0	58.0	
Black	Dot	297	40		58.0	58.0	58.0		58.0	58.0	98.0		75.0	58.0	58.0		58.0	58.0	58.0	
Black	Dot	298	40		58.0	58.0	59.0		58.0	58.0	58.0		72.0	72.0	58.0		98.0	58.0	58.0	
Black	Dot	299	40		58.0	59.0	60.0		58.0	58.0	138.0		58.0	72.0	148.0		58.0	58.0	59.0	
Black	Dot	300	40		58.0	58.0	59.0		58.0	98.0	58.0		58.0	58.0	103.0		58.0	58.0	58.0	
Black	Dot	301	40		58.0	58.0	59.0		58.0	58.0	58.0		58.0	109.0	58.0		58.0	72.0	58.0	
Black	Dot	302	40		58.0	59.0	60.0		58.0	138.0	138.0		58.0	75.0	89.0		58.0	58.0	58.0	
Black	Dot	303	40		59.0	59.0	60.0		58.0	98.0	98.0		58.0	58.0	58.0		58.0	116.0	58.0	
Black	Dot	304	40		58.0	58.0	58.0		58.0	58.0	58.0		58.0	58.0	120.0		58.0	59.0	58.0	
Black	Dot	305	40		58.0	58.0	58.0		98.0	98.0	98.0		75.0	103.0	58.0		59.0	58.0	59.0	
Black	Dot	306	40		59.0	60.0	58.0		98.0	98.0	98.0		58.0	58.0	58.0		58.0	58.0	72.0	
Black	Dot	307	40		58.0	58.0	58.0		58.0	98.0	58.0		58.0	58.0	92.0		58.0	58.0	72.0	
Black	Dot	308	40		58.0	59.0	59.0		58.0	58.0	58.0		58.0	75.0	75.0		58.0	98.0	58.0	
Black	Dot	309	40		58.0	58.0	60.0		58.0	58.0	138.0		58.0	58.0	123.0		58.0	58.0	58.0	
Black	Dot	310	40		59.0	58.0	59.0		98.0	58.0	98.0		58.0	75.0	165.0		58.0	58.0	58.0	
Black	Dot	311	40		58.0	58.0	58.0		58.0	58.0	58.0		58.0	58.0	75.0		58.0	58.0	58.0	
Black	Dot	312	40		58.0	58.0	61.0		58.0	58.0	58.0		72.0	58.0	58.0		58.0	58.0	72.0	
Black	Dot	313	40		59.0	58.0	59.0		58.0	58.0	138.0		58.0	58.0	58.0		58.0	58.0	73.0	
Black	Dot	314	40		59.0	60.0	58.0		58.0	98.0	138.0		58.0	58.0	72.0		58.0	58.0	108.0	
Black	Dot	315	40		58.0	58.0	58.0		98.0	98.0	138.0		58.0	58.0	58.0		58.0	58.0	58.0	
Black	Dot	316	40		58.0	58.0	59.0		58.0	58.0	58.0		58.0	58.0	120.0		59.0	60.0	58.0	
Black	Dot	317	40		58.0	60.0	61.0		58.0	58.0	58.0		103.0	58.0	92.0		58.0	59.0	59.0	
Black	Dot	318	40		58.0	58.0	59.0		58.0	58.0	58.0		58.0	72.0	58.0		58.0	58.0	75.0	
Black	Dot	319	40		58.0	59.0	59.0		58.0	58.0	58.0		58.0	58.0	213.0		58.0	72.0	58.0	
Black	Dot	320	40		58.0	59.0	60.0		58.0	58.0	58.0		58.0	58.0	72.0		58.0	58.0	75.0	
Black	Dot	321	40		58.0	59.0	59.0		58.0	98.0	98.0		58.0	75.0	72.0		58.0	58.0	99.0	
Black	Dot	322	40		58.0	58.0	58.0		58.0	98.0	58.0		72.0	58.0	75.0		58.0	58.0	58.0	
Black	Dot	323	40		58.0	59.0	58.0		58.0	58.0	58.0		72.0	58.0	58.0		58.0	58.0	58.0	
Black	Dot	324	40		58.0	60.0	59.0		58.0	58.0	58.0		58.0	72.0	58.0		58.0	58.0	113.0	
Black	Dot	325	40		58.0	58.0	60.0		58.0	58.0	138.0		58.0	58.0	58.0		58.0	58.0	59.0	
Black	Dot	326	40		59.0	58.0	60.0		58.0	58.0	58.0		72.0	103.0	58.0		58.0	112.0	58.0	
Black	Dot	327	40		59.0	59.0	61.0		58.0	58.0	58.0		58.0	75.0	58.0		76.0	58.0	103.0	
Black	Dot	328	40		58.0	60.0	61.0		58.0	58.0	138.0		58.0	75.0	58.0		58.0	60.0	58.0	
Black	Dot	329	40		58.0	58.0	58.0		58.0	98.0	58.0		58.0	75.0	58.0		72.0	58.0	58.0	
Black	Dot	330	40		59.0	60.0	60.0		58.0	98.0	98.0		58.0	72.0	72.0		58.0	58.0	58.0	
Black	Dot	331	40		58.0	58.0	58.0		58.0	58.0	58.0		58.0	58.0	103.0		58.0	58.0	58.0	
Black	Dot	332	40		58.0	58.0	58.0		58.0	58.0	58.0		58.0	72.0	89.0		58.0	58.0	104.0	
Black	Dot	333	40		58.0	59.0	58.0		58.0	58.0	58.0		58.0	72.0	58.0		72.0	58.0	72.0	
Black	Dot	334	40		59.0	58.0	58.0		58.0	98.0	58.0		58.0	58.0	58.0		58.0	58.0	58.0	
Black	Dot	335	40		58.0	58.0	58.0		58.0	58.0	98.0		58.0	103.0	58.0		58.0	58.0	76.0	
Black	Dot	336	40		58.0	58.0	58.0		58.0	58.0	58.0		58.0	75.0	58.0		58.0	58.0	77.0	
Black	Dot	337	40		58.0	58.0	61.0		58.0	58.0	58.0		72.0	72.0	58.0		58.0	58.0	59.0	
Black	Dot	338	40		58.0	58.0	59.0		58.0	58.0	98.0		58.0	58.0	72.0		58.0	58.0	73.0	
Black	Dot	339	40		58.0	58.0	58.0		58.0	98.0	58.0		58.0	106.0	72.0		58.0	59.0	58.0	
Black	Dot	340	40		59.0	58.0	58.0		58.0	58.0	58.0		58.0	58.0	58.0		76.0	59.0	59.0	
Black	Dot	341	40		58.0	58.0	58.0		58.0	98.0	58.0		58.0	58.0	58.0		58.0	60.0	58.0	
Black	Dot	342	40		59.0	59.0	59.0		58.0	58.0	98.0		58.0	72.0	58.0		58.0	58.0	72.0	
Black	Dot	343	40		58.0	59.0	62.0		58.0	58.0	58.0		58.0	58.0	58.0		58.0	58.0	60.0	
Black	Dot	344	40		58.0	59.0	58.0		58.0	58.0	98.0		106.0	58.0	120.0		58.0	58.0	74.0	
Black	Dot	345	40		59.0	59.0	58.0		58.0	58.0	58.0		72.0	58.0	72.0		58.0	58.0	99.0	
Black	Dot	346	40		58.0	58.0	58.0		58.0	58.0	58.0		58.0	58.0	106.0		58.0	58.0	58.0	
Black	Dot	347	40		58.0	58.0	58.0		58.0	58.0	58.0		58.0	75.0	58.0		98.0	58.0	58.0	
Black	Dot	348	40		58.0	58.0	59.0		58.0	58.0	58.0		58.0	148.0	58.0		58.0	58.0	58.0	
Black	Dot	349	40		58.0	58.0	58.0		98.0	58.0	58.0		75.0	58.0	58.0		72.0	58.0	58.0	
Black	Dot	350	40		58.0	58.0	58.0		58.0	58.0	58.0		75.0	58.0	72.0		59.0	59.0	58.0	
Black	Dot	351	40		58.0	58.0	58.0		58.0	58.0	98.0		58.0	58.0	58.0		58.0	60.0	114.0	
Black	Dot	352	40		58.0	58.0	59.0		58.0	58.0	58.0		58.0	75.0	72.0		75.0	58.0	98.0	
Black	Dot	353	40		59.0	58.0	58.0		58.0	58.0	98.0		58.0	58.0	58.0		58.0	58.0	73.0	
Black	Dot	354	40		58.0	58.0	60.0		98.0	98.0	98.0		58.0	58.0	72.0		58.0	99.0	58.0	
Black	Dot	355	40		58.0	59.0	58.0		58.0	58.0	58.0		58.0	75.0	58.0		72.0	58.0	58.0	
Black	Dot	356	40		58.0	61.0	59.0		58.0	58.0	58.0		58.0	58.0	120.0		58.0	58.0	58.0	
Black	Dot	357	40		59.0	58.0	60.0		58.0	58.0	98.0		58.0	58.0	58.0		58.0	59.0	72.0	
Black	Dot	358	40		58.0	59.0	59.0		98.0	98.0	58.0		58.0	58.0	58.0		58.0	58.0	98.0	
Black	Dot	359	40		58.0	58.0	59.0		58.0	98.0	138.0		75.0	58.0	58.0		58.0	58.0	58.0	
Black	Dot	360	40		58.0	58.0	58.0		58.0	98.0	58.0		72.0	58.0	148.0		75.0	58.0	58.0	
Black	Dot	361	40		58.0	58.0	58.0		58.0	58.0	58.0		58.0	58.0	58.0		58.0	58.0	75.0	
Black	Dot	362	40		58.0	58.0	58.0		58.0	58.0	58.0		72.0	58.0	92.0		58.0	58.0	58.0	
Black	Dot	363	40		58.0	58.0	58.0		58.0	58.0	58.0		58.0	75.0	58.0		58.0	58.0	58.0	
Black	Dot	364	40		58.0	59.0	59.0		58.0	58.0	98.0		58.0	58.0	58.0		58.0	72.0	58.0	
Black	Dot	365	40		58.0	61.0	59.0		58.0	98.0	58.0		58.0	72.0	58.0		98.0	58.0	58.0	
Black	Dot	366	40		58.0	60.0	59.0		58.0	58.0	98.0		58.0	58.0	58.0		58.0	58.0	58.0	
Black	Dot	367	40		58.0	58.0	58.0		58.0	58.0	58.0		58.0	58.0	58.0		58.0	58.0	58.0	
Black	Dot	368	40		59.0	58.0	59.0		58.0	98.0	58.0		58.0	58.0	109.0		58.0	89.0	103.0	
Black	Dot	369	40		60.0	58.0	59.0		58.0	58.0	58.0		58.0	58.0	75.0		58.0	58.0	60.0	
Black	Dot	370	40		58.0	58.0	58.0		58.0	58.0	178.0		58.0	58.0	92.0		98.0	59.0	58.0	
Black	Dot	371	40		58.0	58.0	58.0		98.0	58.0	58.0		58.0	72.0	89.0		58.0	60.0	58.0	
Black	Dot	372	40		58.0	59.0	61.0		58.0	58.0	58.0		58.0	58.0	58.0		58.0	139.0	98.0	
Black	Dot	373	40		58.0	59.0	60.0		58.0	58.0	138.0		58.0	75.0	58.0		98.0	58.0	58.0	
Black	Dot	374	40		59.0	58.0	58.0		58.0	58.0	58.0		58.0	58.0	199.0		58.0	58.0	58.0	
Black	Dot	375	40		58.0	58.0	60.0		58.0	58.0	58.0		58.0	58.0	58.0		72.0	58.0	58.0	
Black	Dot	376	40		58.0	58.0	60.0		58.0	98.0	58.0		58.0	117.0	58.0		58.0	58.0	58.0	
Black	Dot	377	40		58.0	58.0	59.0		98.0	58.0	98.0		58.0	75.0	188.0		75.0	59.0	75.0	
Black	Dot	378	40		58.0	58.0	58.0		98.0	58.0	258.0		58.0	58.0	58.0		58.0	138.0	72.0	
Black	Dot	379	40		58.0	58.0	58.0		98.0	138.0	58.0		58.0	75.0	123.0		58.0	58.0	98.0	
Black	Dot	380	40		58.0	58.0	59.0		58.0	58.0	58.0		58.0	137.0	120.0		58.0	58.0	60.0	
Black	Dot	381	40		58.0	59.0	58.0		98.0	58.0	58.0		75.0	75.0	58.0		58.0	58.0	115.0	
Black	Dot	382	40		58.0	58.0	59.0		58.0	58.0	98.0		58.0	75.0	72.0		58.0	59.0	58.0	
Black	Dot	383	40		58.0	60.0	58.0		58.0	58.0	58.0		58.0	58.0	58.0		58.0	58.0	104.0	
Black	Dot	384	40		58.0	59.0	58.0		58.0	98.0	58.0		58.0	58.0	58.0		99.0	75.0	58.0	
Black	Dot	385	40		58.0	58.0	58.0		58.0	58.0	58.0		58.0	58.0	58.0		58.0	98.0	59.0	
Black	Dot	386	40		58.0	58.0	58.0		58.0	98.0	58.0		58.0	58.0	89.0		58.0	59.0	58.0	
Black	Dot	387	40		58.0	58.0	62.0		138.0	58.0	138.0		58.0	58.0	58.0		58.0	58.0	59.0	
Black	Dot	388	40		60.0	60.0	59.0		58.0	58.0	58.0		58.0	58.0	72.0		58.0	58.0	58.0	
Black	Dot	389	40		58.0	59.0	59.0		58.0	58.0	98.0		58.0	58.0	123.0		59.0	75.0	72.0	
Black	Dot	390	40		58.0	59.0	63.0		58.0	58.0	58.0		58.0	89.0	58.0		59.0	72.0	98.0	
Black	Dot	391	40		58.0	58.0	62.0		58.0	98.0	58.0		58.0	157.0	58.0		58.0	58.0	59.0	
Black	Dot	392	40		58.0	59.0	58.0		58.0	58.0	58.0		58.0	72.0	58.0		72.0	58.0	77.0	
Black	Dot	393	40		58.0	60.0	61.0		58.0	58.0	58.0		58.0	58.0	58.0		58.0	58.0	58.0	
Black	Dot	394	40		58.0	58.0	60.0		58.0	58.0	98.0		92.0	58.0	58.0		58.0	59.0	60.0	
Black	Dot	395	40		58.0	58.0	59.0		98.0	98.0	58.0		72.0	58.0	58.0		75.0	58.0	58.0	
Black	Dot	396	40		58.0	58.0	58.0		58.0	178.0	178.0		72.0	106.0	58.0		58.0	58.0	104.0	
Black	Dot	397	40		58.0	58.0	58.0		58.0	58.0	58.0		58.0	58.0	58.0		103.0	58.0	59.0	
Black	Dot	398	40		58.0	59.0	58.0		58.0	58.0	98.0		58.0	58.0	58.0		58.0	58.0	58.0	
Black	Dot	399	40		58.0	60.0	60.0		58.0	58.0	58.0		72.0	75.0	168.0		58.0	58.0	73.0	
Black	Dot	400	40		58.0	59.0	59.0		58.0	58.0	138.0		58.0	89.0	58.0		58.0	98.0	58.0	
Black	Dot	401	40		58.0	58.0	60.0		98.0	58.0	58.0		58.0	75.0	58.0		58.0	58.0	59.0	
Black	Dot	402	40		58.0	58.0	58.0		58.0	58.0	98.0		58.0	75.0	58.0		58.0	58.0	60.0	
Black	Dot	403	40		58.0	58.0	59.0		98.0	98.0	58.0		58.0	89.0	75.0		58.0	58.0	59.0	
Black	Dot	404	40		58.0	60.0	58.0		58.0	58.0	58.0		58.0	72.0	109.0		72.0	58.0	59.0	
Black	Dot	405	40		58.0	58.0	58.0		58.0	58.0	58.0		58.0	58.0	58.0		58.0	58.0	58.0	
Black	Dot	406	40		58.0	58.0	59.0		58.0	58.0	58.0		58.0	58.0	75.0		58.0	58.0	58.0	
Black	Dot	407	40		59.0	58.0	59.0		58.0	58.0	98.0		72.0	58.0	58.0		58.0	72.0	58.0	
Black	Dot	408	40		58.0	58.0	58.0		58.0	58.0	58.0		58.0	58.0	92.0		98.0	58.0	99.0	
Black	Dot	409	40		58.0	58.0	59.0		58.0	58.0	98.0		58.0	72.0	58.0		58.0	58.0	78.0	
Black	Dot	410	40		58.0	58.0	59.0		58.0	98.0	98.0		58.0	58.0	58.0		58.0	58.0	58.0	
Black	Dot	411	40		58.0	58.0	58.0		58.0	58.0	58.0		58.0	58.0	230.0		58.0	58.0	98.0	
Black	Dot	412	40		58.0	59.0	59.0		58.0	58.0	58.0		58.0	106.0	75.0		58.0	58.0	59.0	
Black	Dot	413	40		58.0	58.0	58.0		58.0	58.0	98.0		58.0	58.0	120.0		58.0	73.0	58.0	
Black	Dot	414	40		58.0	58.0	61.0		58.0	58.0	58.0		58.0	58.0	58.0		58.0	58.0	112.0	
Black	Dot	415	40		59.0	58.0	58.0		58.0	58.0	98.0		58.0	58.0	75.0		58.0	59.0	98.0	
Black	Dot	416	40		59.0	58.0	59.0		58.0	58.0	58.0		58.0	75.0	58.0		72.0	58.0	58.0	
Black	Dot	417	40		60.0	58.0	61.0		58.0	58.0	58.0		58.0	58.0	75.0		58.0	75.0	59.0	
Black	Dot	418	40		58.0	58.0	58.0		58.0	98.0	98.0		72.0	58.0	58.0		58.0	58.0	75.0	
Black	Dot	419	40		58.0	59.0	61.0		58.0	58.0	58.0		58.0	58.0	72.0		58.0	58.0	75.0	
Black	Dot	420	40		61.0	59.0	60.0		58.0	98.0	58.0		58.0	89.0	117.0		58.0	58.0	58.0	
Black	Dot	421	40		58.0	58.0	58.0		58.0	98.0	58.0		58.0	58.0	72.0		58.0	75.0	58.0	
Black	Dot	422	40		58.0	58.0	58.0		98.0	58.0	98.0		58.0	58.0	72.0		58.0	58.0	58.0	
Black	Dot	423	40		58.0	58.0	59.0		58.0	58.0	58.0		58.0	58.0	75.0		58.0	98.0	73.0	
Black	Dot	424	40		59.0	58.0	58.0		58.0	58.0	58.0		58.0	58.0	58.0		58.0	58.0	58.0	
Black	Dot	425	40		61.0	59.0	58.0		58.0	58.0	58.0		58.0	58.0	58.0		58.0	58.0	58.0	
Black	Dot	426	40		58.0	58.0	58.0		58.0	58.0	58.0		58.0	123.0	72.0		58.0	58.0	58.0	
Black	Dot	427	40		58.0	58.0	59.0		58.0	58.0	98.0		58.0	75.0	103.0		58.0	58.0	58.0	
Black	Dot	428	40		60.0	58.0	58.0		58.0	58.0	58.0		58.0	58.0	106.0		58.0	58.0	58.0	
Black	Dot	429	40		59.0	58.0	58.0		58.0	58.0	58.0		58.0	58.0	151.0		58.0	98.0	58.0	
Black	Dot	430	40		58.0	58.0	60.0		58.0	58.0	58.0		72.0	58.0	58.0		58.0	75.0	75.0	
Black	Dot	431	40		58.0	58.0	58.0		58.0	58.0	138.0		58.0	58.0	58.0		59.0	58.0	58.0	
Black	Dot	432	40		58.0	58.0	58.0		58.0	58.0	58.0		58.0	58.0	58.0		58.0	58.0	58.0	
Black	Dot	433	40		58.0	58.0	59.0		58.0	58.0	58.0		123.0	58.0	58.0		58.0	58.0	77.0	
Black	Dot	434	40		59.0	58.0	60.0		58.0	58.0	98.0		58.0	58.0	58.0		58.0	58.0	58.0	
Black	Dot	435	40		58.0	58.0	59.0		58.0	58.0	98.0		58.0	58.0	120.0		58.0	58.0	75.0	
Black	Dot	436	40		58.0	59.0	58.0		58.0	98.0	58.0		58.0	72.0	58.0		58.0	59.0	59.0	
Black	Dot	437	40		58.0	58.0	58.0		58.0	58.0	98.0		58.0	75.0	75.0		58.0	76.0	58.0	
Black	Dot	438	40		58.0	58.0	60.0		58.0	58.0	58.0		72.0	58.0	58.0		58.0	58.0	59.0	
Black	Dot	439	40		58.0	59.0	61.0		58.0	58.0	58.0		58.0	72.0	58.0		58.0	58.0	73.0	
Black	Dot	440	40		58.0	59.0	59.0		58.0	58.0	58.0		58.0	58.0	72.0		58.0	58.0	58.0	
Black	Dot	441	40		58.0	59.0	62.0		58.0	58.0	138.0		58.0	58.0	58.0		58.0	75.0	58.0	
Black	Dot	442	40		58.0	62.0	59.0		58.0	98.0	98.0		58.0	58.0	154.0		58.0	59.0	58.0	
Black	Dot	443	40		58.0	58.0	58.0		58.0	58.0	58.0		58.0	72.0	106.0		58.0	58.0	59.0	
Black	Dot	444	40		58.0	58.0	59.0		58.0	58.0	58.0		58.0	58.0	58.0		58.0	58.0	58.0	
Black	Dot	445	40		58.0	58.0	60.0		58.0	98.0	58.0		58.0	75.0	58.0		58.0	58.0	98.0	
Black	Dot	446	40		58.0	59.0	59.0		58.0	58.0	58.0		75.0	58.0	58.0		58.0	58.0	58.0	
Black	Dot	447	40		58.0	58.0	58.0		58.0	98.0	98.0		58.0	58.0	89.0		59.0	98.0	169.0	
Black	Dot	448	40		58.0	59.0	60.0		58.0	58.0	58.0		58.0	58.0	75.0		58.0	58.0	58.0	
Black	Dot	449	40		58.0	58.0	63.0		98.0	58.0	58.0		58.0	58.0	137.0		58.0	58.0	75.0	
Black	Dot	450	40		58.0	58.0	58.0		58.0	98.0	58.0		58.0	58.0	106.0		58.0	58.0	58.0	
Black	Dot	451	40		58.0	60.0	58.0		58.0	58.0	58.0		58.0	58.0	58.0		58.0	58.0	58.0	
Black	Dot	452	40		58.0	58.0	58.0		58.0	58.0	58.0		58.0	72.0	58.0		59.0	58.0	72.0	
Black	Dot	453	40		58.0	60.0	58.0		58.0	58.0	138.0		89.0	58.0	58.0		58.0	59.0	58.0	
Black	Dot	454	40		59.0	58.0	59.0		58.0	58.0	58.0		58.0	75.0	58.0		58.0	58.0	58.0	
Black	Dot	455	40		58.0	58.0	59.0		98.0	98.0	58.0		58.0	75.0	72.0		58.0	59.0	58.0	
Black	Dot	456	40		58.0	59.0	58.0		58.0	58.0	98.0		75.0	58.0	75.0		58.0	58.0	58.0	
Black	Dot	457	40		58.0	58.0	61.0		58.0	58.0	58.0		58.0	58.0	134.0		58.0	58.0	107.0	
Black	Dot	458	40		58.0	59.0	58.0		58.0	58.0	138.0		58.0	75.0	72.0		58.0	58.0	98.0	
Black	Dot	459	40		58.0	58.0	58.0		98.0	58.0	98.0		58.0	72.0	75.0		58.0	58.0	58.0	
Black	Dot	460	40		58.0	58.0	58.0		58.0	58.0	58.0		58.0	58.0	103.0		58.0	59.0	58.0	
Black	Dot	461	40		58.0	59.0	58.0		58.0	58.0	58.0		151.0	58.0	72.0		59.0	58.0	59.0	
Black	Dot	462	40		59.0	59.0	60.0		58.0	58.0	98.0		58.0	75.0	58.0		58.0	58.0	157.0	
Black	Dot	463	40		58.0	58.0	59.0		58.0	58.0	58.0		75.0	103.0	151.0		58.0	58.0	58.0	
Black	Dot	464	40		59.0	58.0	58.0		58.0	98.0	58.0		58.0	58.0	103.0		75.0	58.0	76.0	
Black	Dot	465	40		58.0	58.0	59.0		58.0	58.0	58.0		58.0	75.0	58.0		58.0	58.0	59.0	
Black	Dot	466	40		58.0	59.0	58.0		98.0	58.0	58.0		58.0	58.0	58.0		58.0	58.0	58.0	
Black	Dot	467	40		58.0	60.0	58.0		58.0	58.0	58.0		58.0	106.0	58.0		58.0	58.0	76.0	
Black	Dot	468	40		59.0	58.0	58.0		58.0	58.0	58.0		58.0	58.0	75.0		58.0	60.0	58.0	
Black	Dot	469	40		58.0	58.0	60.0		58.0	58.0	58.0		58.0	103.0	75.0		58.0	58.0	100.0	
Black	Dot	470	40		59.0	58.0	58.0		58.0	58.0	58.0		58.0	72.0	72.0		59.0	58.0	75.0	
Black	Dot	471	40		58.0	58.0	61.0		58.0	58.0	58.0		58.0	58.0	58.0		58.0	58.0	72.0	
Black	Dot	472	40		58.0	58.0	58.0		58.0	98.0	58.0		58.0	109.0	103.0		58.0	58.0	58.0	
Black	Dot	473	40		58.0	58.0	58.0		58.0	58.0	58.0		58.0	58.0	174.0		75.0	58.0	98.0	
Black	Dot	474	40		58.0	58.0	60.0		58.0	58.0	58.0		58.0	58.0	72.0		58.0	58.0	58.0	
Black	Dot	475	40		59.0	58.0	61.0		58.0	58.0	138.0		58.0	58.0	58.0		58.0	58.0	58.0	
Black	Dot	476	40		59.0	58.0	58.0		58.0	58.0	58.0		58.0	72.0	72.0		58.0	58.0	75.0	
Black	Dot	477	40		58.0	59.0	62.0		58.0	58.0	58.0		58.0	58.0	58.0		58.0	98.0	58.0	
Black	Dot	478	40		58.0	59.0	59.0		58.0	58.0	58.0		58.0	58.0	58.0		59.0	98.0	58.0	
Black	Dot	479	40		58.0	58.0	58.0		58.0	98.0	178.0		58.0	75.0	75.0		58.0	59.0	58.0	
Black	Dot	480	40		58.0	58.0	58.0		58.0	58.0	98.0		58.0	58.0	58.0		75.0	58.0	59.0	
Black	Dot	481	40		58.0	60.0	58.0		58.0	98.0	58.0		58.0	58.0	106.0		58.0	58.0	58.0	
Black	Dot	482	40		58.0	60.0	59.0		58.0	58.0	58.0		58.0	58.0	58.0		58.0	58.0	99.0	
Black	Dot	483	40		58.0	59.0	58.0		58.0	58.0	58.0		75.0	58.0	58.0		58.0	58.0	99.0	
Black	Dot	484	40		58.0	58.0	58.0		58.0	58.0	58.0		58.0	58.0	58.0		58.0	58.0	130.0	
Black	Dot	485	40		58.0	58.0	62.0		98.0	138.0	98.0		58.0	58.0	58.0		58.0	98.0	58.0	
Black	Dot	486	40		58.0	58.0	59.0		98.0	58.0	58.0		58.0	103.0	58.0		58.0	58.0	76.0	
Black	Dot	487	40		58.0	58.0	58.0		58.0	58.0	58.0		72.0	72.0	72.0		58.0	72.0	58.0	
Black	Dot	488	40		58.0	58.0	60.0		58.0	58.0	58.0		58.0	72.0	72.0		72.0	58.0	58.0	
Black	Dot	489	40		58.0	59.0	58.0		58.0	98.0	98.0		58.0	75.0	58.0		58.0	59.0	100.0	
Black	Dot	490	40		58.0	58.0	58.0		58.0	58.0	58.0		58.0	58.0	106.0		58.0	58.0	98.0	
Black	Dot	491	40		58.0	58.0	59.0		58.0	58.0	58.0		58.0	58.0	58.0		58.0	58.0	59.0	
Black	Dot	492	40		58.0	59.0	60.0		58.0	98.0	58.0		58.0	58.0	120.0		58.0	58.0	76.0	
Black	Dot	493	40		58.0	58.0	59.0		58.0	58.0	58.0		58.0	106.0	58.0		58.0	58.0	58.0	
Black	Dot	494	40		60.0	58.0	58.0		58.0	98.0	58.0		58.0	151.0	72.0		58.0	58.0	58.0	
Black	Dot	495	40		58.0	59.0	58.0		98.0	98.0	58.0		58.0	58.0	58.0		72.0	58.0	58.0	
Black	Dot	496	40		58.0	58.0	59.0		58.0	58.0	58.0		58.0	58.0	120.0		98.0	75.0	75.0	
Black	Dot	497	40		58.0	58.0	58.0		58.0	58.0	58.0		58.0	72.0	75.0		58.0	58.0	74.0	
Black	Dot	498	40		58.0	59.0	58.0		98.0	58.0	58.0		72.0	58.0	58.0		98.0	58.0	58.0	
Black	Dot	499	40		59.0	58.0	60.0		58.0	58.0	58.0		75.0	58.0	75.0		58.0	75.0	58.0	
Black	Dot	500	40		58.0	58.0	58.0		58.0	58.0	58.0		58.0	75.0	103.0		58.0	72.0	59.0	
<decimals>0
